0.000000000000 0.632645442525
0.000500000000 0.632541584767
0.001000000000 0.632437707882
0.001500000000 0.632333812026
0.002000000000 0.632229897354
0.002500000000 0.632125964021
0.003000000000 0.632022012179
0.003500000000 0.631918041979
0.004000000000 0.631814053571
0.004500000000 0.631710047103
0.005000000000 0.631606022721
0.005500000000 0.631501980571
0.006000000000 0.631397920797
0.006500000000 0.631293843541
0.007000000000 0.631189748945
0.007500000000 0.631085637148
0.008000000000 0.630981508290
0.008500000000 0.630877362507
0.009000000000 0.630773199936
0.009500000000 0.630669020711
0.010000000000 0.630564824966
0.010500000000 0.630460612833
0.011000000000 0.630356384443
0.011500000000 0.630252139927
0.012000000000 0.630147879412
0.012500000000 0.630043603026
0.013000000000 0.629939310895
0.013500000000 0.629835003145
0.014000000000 0.629730679900
0.014500000000 0.629626341281
0.015000000000 0.629521987412
0.015500000000 0.629417618412
0.016000000000 0.629313234402
0.016500000000 0.629208835499
0.017000000000 0.629104421821
0.017500000000 0.628999993484
0.018000000000 0.628895550604
0.018500000000 0.628791093294
0.019000000000 0.628686621668
0.019500000000 0.628582135838
0.020000000000 0.628477635915
0.020500000000 0.628373122009
0.021000000000 0.628268594230
0.021500000000 0.628164052685
0.022000000000 0.628059497482
0.022500000000 0.627954928728
0.023000000000 0.627850346526
0.023500000000 0.627745750983
0.024000000000 0.627641142201
0.024500000000 0.627536520282
0.025000000000 0.627431885330
0.025500000000 0.627327237444
0.026000000000 0.627222576723
0.026500000000 0.627117903268
0.027000000000 0.627013217177
0.027500000000 0.626908518546
0.028000000000 0.626803807472
0.028500000000 0.626699084051
0.029000000000 0.626594348377
0.029500000000 0.626489600545
0.030000000000 0.626384840647
0.030500000000 0.626280068776
0.031000000000 0.626175285023
0.031500000000 0.626070489479
0.032000000000 0.625965682234
0.032500000000 0.625860863378
0.033000000000 0.625756032998
0.033500000000 0.625651191182
0.034000000000 0.625546338017
0.034500000000 0.625441473590
0.035000000000 0.625336597985
0.035500000000 0.625231711288
0.036000000000 0.625126813582
0.036500000000 0.625021904951
0.037000000000 0.624916985477
0.037500000000 0.624812055242
0.038000000000 0.624707114327
0.038500000000 0.624602162813
0.039000000000 0.624497200779
0.039500000000 0.624392228305
0.040000000000 0.624287245470
0.040500000000 0.624182252350
0.041000000000 0.624077249023
0.041500000000 0.623972235565
0.042000000000 0.623867212053
0.042500000000 0.623762178562
0.043000000000 0.623657135166
0.043500000000 0.623552081939
0.044000000000 0.623447018955
0.044500000000 0.623341946286
0.045000000000 0.623236864004
0.045500000000 0.623131772182
0.046000000000 0.623026670890
0.046500000000 0.622921560198
0.047000000000 0.622816440176
0.047500000000 0.622711310894
0.048000000000 0.622606172420
0.048500000000 0.622501024822
0.049000000000 0.622395868168
0.049500000000 0.622290702524
0.050000000000 0.622185527958
0.050500000000 0.622080344535
0.051000000000 0.621975152320
0.051500000000 0.621869951378
0.052000000000 0.621764741774
0.052500000000 0.621659523571
0.053000000000 0.621554296833
0.053500000000 0.621449061622
0.054000000000 0.621343818000
0.054500000000 0.621238566030
0.055000000000 0.621133305772
0.055500000000 0.621028037287
0.056000000000 0.620922760636
0.056500000000 0.620817475878
0.057000000000 0.620712183072
0.057500000000 0.620606882278
0.058000000000 0.620501573554
0.058500000000 0.620396256956
0.059000000000 0.620290932544
0.059500000000 0.620185600374
0.060000000000 0.620080260502
0.060500000000 0.619974912984
0.061000000000 0.619869557877
0.061500000000 0.619764195234
0.062000000000 0.619658825112
0.062500000000 0.619553447563
0.063000000000 0.619448062643
0.063500000000 0.619342670404
0.064000000000 0.619237270899
0.064500000000 0.619131864181
0.065000000000 0.619026450303
0.065500000000 0.618921029315
0.066000000000 0.618815601270
0.066500000000 0.618710166218
0.067000000000 0.618604724210
0.067500000000 0.618499275295
0.068000000000 0.618393819525
0.068500000000 0.618288356947
0.069000000000 0.618182887611
0.069500000000 0.618077411566
0.070000000000 0.617971928860
0.070500000000 0.617866439541
0.071000000000 0.617760943656
0.071500000000 0.617655441252
0.072000000000 0.617549932376
0.072500000000 0.617444417074
0.073000000000 0.617338895393
0.073500000000 0.617233367378
0.074000000000 0.617127833074
0.074500000000 0.617022292527
0.075000000000 0.616916745780
0.075500000000 0.616811192879
0.076000000000 0.616705633867
0.076500000000 0.616600068787
0.077000000000 0.616494497684
0.077500000000 0.616388920599
0.078000000000 0.616283337575
0.078500000000 0.616177748656
0.079000000000 0.616072153882
0.079500000000 0.615966553295
0.080000000000 0.615860946937
0.080500000000 0.615755334848
0.081000000000 0.615649717070
0.081500000000 0.615544093642
0.082000000000 0.615438464605
0.082500000000 0.615332829998
0.083000000000 0.615227189861
0.083500000000 0.615121544233
0.084000000000 0.615015893152
0.084500000000 0.614910236658
0.085000000000 0.614804574789
0.085500000000 0.614698907582
0.086000000000 0.614593235075
0.086500000000 0.614487557306
0.087000000000 0.614381874312
0.087500000000 0.614276186129
0.088000000000 0.614170492795
0.088500000000 0.614064794345
0.089000000000 0.613959090815
0.089500000000 0.613853382242
0.090000000000 0.613747668661
0.090500000000 0.613641950106
0.091000000000 0.613536226613
0.091500000000 0.613430498216
0.092000000000 0.613324764951
0.092500000000 0.613219026850
0.093000000000 0.613113283949
0.093500000000 0.613007536280
0.094000000000 0.612901783877
0.094500000000 0.612796026774
0.095000000000 0.612690265002
0.095500000000 0.612584498595
0.096000000000 0.612478727586
0.096500000000 0.612372952006
0.097000000000 0.612267171887
0.097500000000 0.612161387261
0.098000000000 0.612055598160
0.098500000000 0.611949804614
0.099000000000 0.611844006655
0.099500000000 0.611738204313
0.100000000000 0.611632397620
0.100500000000 0.611526586605
0.101000000000 0.611420771298
0.101500000000 0.611314951730
0.102000000000 0.611209127929
0.102500000000 0.611103299927
0.103000000000 0.610997467750
0.103500000000 0.610891631430
0.104000000000 0.610785790993
0.104500000000 0.610679946470
0.105000000000 0.610574097888
0.105500000000 0.610468245276
0.106000000000 0.610362388661
0.106500000000 0.610256528072
0.107000000000 0.610150663535
0.107500000000 0.610044795079
0.108000000000 0.609938922729
0.108500000000 0.609833046514
0.109000000000 0.609727166460
0.109500000000 0.609621282594
0.110000000000 0.609515394942
0.110500000000 0.609409503529
0.111000000000 0.609303608383
0.111500000000 0.609197709529
0.112000000000 0.609091806992
0.112500000000 0.608985900798
0.113000000000 0.608879990972
0.113500000000 0.608774077540
0.114000000000 0.608668160526
0.114500000000 0.608562239954
0.115000000000 0.608456315850
0.115500000000 0.608350388237
0.116000000000 0.608244457140
0.116500000000 0.608138522583
0.117000000000 0.608032584589
0.117500000000 0.607926643183
0.118000000000 0.607820698387
0.118500000000 0.607714750226
0.119000000000 0.607608798721
0.119500000000 0.607502843897
0.120000000000 0.607396885776
0.120500000000 0.607290924380
0.121000000000 0.607184959732
0.121500000000 0.607078991855
0.122000000000 0.606973020770
0.122500000000 0.606867046499
0.123000000000 0.606761069065
0.123500000000 0.606655088489
0.124000000000 0.606549104793
0.124500000000 0.606443117997
0.125000000000 0.606337128124
0.125500000000 0.606231135194
0.126000000000 0.606125139228
0.126500000000 0.606019140247
0.127000000000 0.605913138271
0.127500000000 0.605807133322
0.128000000000 0.605701125419
0.128500000000 0.605595114582
0.129000000000 0.605489100832
0.129500000000 0.605383084189
0.130000000000 0.605277064672
0.130500000000 0.605171042300
0.131000000000 0.605065017094
0.131500000000 0.604958989073
0.132000000000 0.604852958255
0.132500000000 0.604746924661
0.133000000000 0.604640888308
0.133500000000 0.604534849216
0.134000000000 0.604428807403
0.134500000000 0.604322762889
0.135000000000 0.604216715690
0.135500000000 0.604110665826
0.136000000000 0.604004613315
0.136500000000 0.603898558175
0.137000000000 0.603792500423
0.137500000000 0.603686440077
0.138000000000 0.603580377156
0.138500000000 0.603474311676
0.139000000000 0.603368243655
0.139500000000 0.603262173111
0.140000000000 0.603156100059
0.140500000000 0.603050024518
0.141000000000 0.602943946504
0.141500000000 0.602837866035
0.142000000000 0.602731783126
0.142500000000 0.602625697794
0.143000000000 0.602519610056
0.143500000000 0.602413519928
0.144000000000 0.602307427427
0.144500000000 0.602201332568
0.145000000000 0.602095235367
0.145500000000 0.601989135840
0.146000000000 0.601883034004
0.146500000000 0.601776929873
0.147000000000 0.601670823463
0.147500000000 0.601564714790
0.148000000000 0.601458603869
0.148500000000 0.601352490714
0.149000000000 0.601246375343
0.149500000000 0.601140257768
0.150000000000 0.601034138006
0.150500000000 0.600928016071
0.151000000000 0.600821891977
0.151500000000 0.600715765740
0.152000000000 0.600609637373
0.152500000000 0.600503506892
0.153000000000 0.600397374310
0.153500000000 0.600291239641
0.154000000000 0.600185102901
0.154500000000 0.600078964102
0.155000000000 0.599972823259
0.155500000000 0.599866680385
0.156000000000 0.599760535495
0.156500000000 0.599654388601
0.157000000000 0.599548239718
0.157500000000 0.599442088858
0.158000000000 0.599335936036
0.158500000000 0.599229781264
0.159000000000 0.599123624555
0.159500000000 0.599017465923
0.160000000000 0.598911305380
0.160500000000 0.598805142940
0.161000000000 0.598698978614
0.161500000000 0.598592812417
0.162000000000 0.598486644360
0.162500000000 0.598380474457
0.163000000000 0.598274302718
0.163500000000 0.598168129158
0.164000000000 0.598061953787
0.164500000000 0.597955776619
0.165000000000 0.597849597666
0.165500000000 0.597743416938
0.166000000000 0.597637234450
0.166500000000 0.597531050211
0.167000000000 0.597424864234
0.167500000000 0.597318676531
0.168000000000 0.597212487114
0.168500000000 0.597106295993
0.169000000000 0.597000103180
0.169500000000 0.596893908688
0.170000000000 0.596787712526
0.170500000000 0.596681514706
0.171000000000 0.596575315240
0.171500000000 0.596469114138
0.172000000000 0.596362911412
0.172500000000 0.596256707072
0.173000000000 0.596150501129
0.173500000000 0.596044293594
0.174000000000 0.595938084478
0.174500000000 0.595831873791
0.175000000000 0.595725661544
0.175500000000 0.595619447747
0.176000000000 0.595513232411
0.176500000000 0.595407015546
0.177000000000 0.595300797163
0.177500000000 0.595194577271
0.178000000000 0.595088355881
0.178500000000 0.594982133002
0.179000000000 0.594875908645
0.179500000000 0.594769682820
0.180000000000 0.594663455537
0.180500000000 0.594557226805
0.181000000000 0.594450996633
0.181500000000 0.594344765033
0.182000000000 0.594238532013
0.182500000000 0.594132297582
0.183000000000 0.594026061751
0.183500000000 0.593919824529
0.184000000000 0.593813585924
0.184500000000 0.593707345947
0.185000000000 0.593601104607
0.185500000000 0.593494861912
0.186000000000 0.593388617872
0.186500000000 0.593282372496
0.187000000000 0.593176125792
0.187500000000 0.593069877770
0.188000000000 0.592963628439
0.188500000000 0.592857377806
0.189000000000 0.592751125882
0.189500000000 0.592644872675
0.190000000000 0.592538618192
0.190500000000 0.592432362444
0.191000000000 0.592326105438
0.191500000000 0.592219847182
0.192000000000 0.592113587686
0.192500000000 0.592007326957
0.193000000000 0.591901065004
0.193500000000 0.591794801835
0.194000000000 0.591688537458
0.194500000000 0.591582271882
0.195000000000 0.591476005113
0.195500000000 0.591369737161
0.196000000000 0.591263468032
0.196500000000 0.591157197736
0.197000000000 0.591050926280
0.197500000000 0.590944653672
0.198000000000 0.590838379918
0.198500000000 0.590732105028
0.199000000000 0.590625829009
0.199500000000 0.590519551868
0.200000000000 0.590413273613
0.200500000000 0.590306994251
0.201000000000 0.590200713789
0.201500000000 0.590094432236
0.202000000000 0.589988149598
0.202500000000 0.589881865883
0.203000000000 0.589775581098
0.203500000000 0.589669295250
0.204000000000 0.589563008346
0.204500000000 0.589456720393
0.205000000000 0.589350431399
0.205500000000 0.589244141370
0.206000000000 0.589137850313
0.206500000000 0.589031558235
0.207000000000 0.588925265144
0.207500000000 0.588818971045
0.208000000000 0.588712675946
0.208500000000 0.588606379853
0.209000000000 0.588500082773
0.209500000000 0.588393784713
0.210000000000 0.588287485679
0.210500000000 0.588181185677
0.211000000000 0.588074884715
0.211500000000 0.587968582798
0.212000000000 0.587862279934
0.212500000000 0.587755976128
0.213000000000 0.587649671387
0.213500000000 0.587543365716
0.214000000000 0.587437059123
0.214500000000 0.587330751614
0.215000000000 0.587224443194
0.215500000000 0.587118133870
0.216000000000 0.587011823648
0.216500000000 0.586905512534
0.217000000000 0.586799200533
0.217500000000 0.586692887653
0.218000000000 0.586586573898
0.218500000000 0.586480259275
0.219000000000 0.586373943789
0.219500000000 0.586267627446
0.220000000000 0.586161310253
0.220500000000 0.586054992214
0.221000000000 0.585948673336
0.221500000000 0.585842353624
0.222000000000 0.585736033084
0.222500000000 0.585629711720
0.223000000000 0.585523389540
0.223500000000 0.585417066548
0.224000000000 0.585310742750
0.224500000000 0.585204418151
0.225000000000 0.585098092757
0.225500000000 0.584991766573
0.226000000000 0.584885439604
0.226500000000 0.584779111855
0.227000000000 0.584672783333
0.227500000000 0.584566454042
0.228000000000 0.584460123986
0.228500000000 0.584353793173
0.229000000000 0.584247461606
0.229500000000 0.584141129290
0.230000000000 0.584034796231
0.230500000000 0.583928462434
0.231000000000 0.583822127904
0.231500000000 0.583715792645
0.232000000000 0.583609456662
0.232500000000 0.583503119962
0.233000000000 0.583396782547
0.233500000000 0.583290444424
0.234000000000 0.583184105596
0.234500000000 0.583077766069
0.235000000000 0.582971425848
0.235500000000 0.582865084937
0.236000000000 0.582758743340
0.236500000000 0.582652401063
0.237000000000 0.582546058110
0.237500000000 0.582439714486
0.238000000000 0.582333370194
0.238500000000 0.582227025241
0.239000000000 0.582120679629
0.239500000000 0.582014333364
0.240000000000 0.581907986451
0.240500000000 0.581801638893
0.241000000000 0.581695290694
0.241500000000 0.581588941860
0.242000000000 0.581482592394
0.242500000000 0.581376242301
0.243000000000 0.581269891585
0.243500000000 0.581163540251
0.244000000000 0.581057188302
0.244500000000 0.580950835742
0.245000000000 0.580844482577
0.245500000000 0.580738128809
0.246000000000 0.580631774444
0.246500000000 0.580525419484
0.247000000000 0.580419063935
0.247500000000 0.580312707800
0.248000000000 0.580206351083
0.248500000000 0.580099993788
0.249000000000 0.579993635920
0.249500000000 0.579887277481
0.250000000000 0.579780918477
0.250500000000 0.579674558910
0.251000000000 0.579568198785
0.251500000000 0.579461838105
0.252000000000 0.579355476874
0.252500000000 0.579249115097
0.253000000000 0.579142752776
0.253500000000 0.579036389916
0.254000000000 0.578930026519
0.254500000000 0.578823662591
0.255000000000 0.578717298134
0.255500000000 0.578610933152
0.256000000000 0.578504567649
0.256500000000 0.578398201629
0.257000000000 0.578291835094
0.257500000000 0.578185468048
0.258000000000 0.578079100496
0.258500000000 0.577972732439
0.259000000000 0.577866363883
0.259500000000 0.577759994830
0.260000000000 0.577653625284
0.260500000000 0.577547255247
0.261000000000 0.577440884725
0.261500000000 0.577334513719
0.262000000000 0.577228142233
0.262500000000 0.577121770271
0.263000000000 0.577015397835
0.263500000000 0.576909024930
0.264000000000 0.576802651558
0.264500000000 0.576696277723
0.265000000000 0.576589903427
0.265500000000 0.576483528674
0.266000000000 0.576377153468
0.266500000000 0.576270777810
0.267000000000 0.576164401705
0.267500000000 0.576058025156
0.268000000000 0.575951648165
0.268500000000 0.575845270736
0.269000000000 0.575738892871
0.269500000000 0.575632514575
0.270000000000 0.575526135849
0.270500000000 0.575419756696
0.271000000000 0.575313377121
0.271500000000 0.575206997125
0.272000000000 0.575100616712
0.272500000000 0.574994235885
0.273000000000 0.574887854645
0.273500000000 0.574781472998
0.274000000000 0.574675090944
0.274500000000 0.574568708487
0.275000000000 0.574462325631
0.275500000000 0.574355942377
0.276000000000 0.574249558728
0.276500000000 0.574143174688
0.277000000000 0.574036790258
0.277500000000 0.573930405443
0.278000000000 0.573824020244
0.278500000000 0.573717634664
0.279000000000 0.573611248706
0.279500000000 0.573504862372
0.280000000000 0.573398475666
0.280500000000 0.573292088589
0.281000000000 0.573185701145
0.281500000000 0.573079313336
0.282000000000 0.572972925165
0.282500000000 0.572866536634
0.283000000000 0.572760147746
0.283500000000 0.572653758503
0.284000000000 0.572547368907
0.284500000000 0.572440978963
0.285000000000 0.572334588671
0.285500000000 0.572228198034
0.286000000000 0.572121807055
0.286500000000 0.572015415737
0.287000000000 0.571909024081
0.287500000000 0.571802632090
0.288000000000 0.571696239767
0.288500000000 0.571589847114
0.289000000000 0.571483454133
0.289500000000 0.571377060826
0.290000000000 0.571270667197
0.290500000000 0.571164273247
0.291000000000 0.571057878978
0.291500000000 0.570951484394
0.292000000000 0.570845089495
0.292500000000 0.570738694286
0.293000000000 0.570632298766
0.293500000000 0.570525902940
0.294000000000 0.570419506810
0.294500000000 0.570313110376
0.295000000000 0.570206713642
0.295500000000 0.570100316611
0.296000000000 0.569993919283
0.296500000000 0.569887521661
0.297000000000 0.569781123748
0.297500000000 0.569674725545
0.298000000000 0.569568327055
0.298500000000 0.569461928279
0.299000000000 0.569355529221
0.299500000000 0.569249129881
0.300000000000 0.569142730263
0.300500000000 0.569036330367
0.301000000000 0.568929930196
0.301500000000 0.568823529753
0.302000000000 0.568717129039
0.302500000000 0.568610728056
0.303000000000 0.568504326806
0.303500000000 0.568397925292
0.304000000000 0.568291523514
0.304500000000 0.568185121476
0.305000000000 0.568078719179
0.305500000000 0.567972316624
0.306000000000 0.567865913815
0.306500000000 0.567759510753
0.307000000000 0.567653107439
0.307500000000 0.567546703876
0.308000000000 0.567440300066
0.308500000000 0.567333896010
0.309000000000 0.567227491711
0.309500000000 0.567121087169
0.310000000000 0.567014682388
0.310500000000 0.566908277368
0.311000000000 0.566801872112
0.311500000000 0.566695466622
0.312000000000 0.566589060898
0.312500000000 0.566482654944
0.313000000000 0.566376248761
0.313500000000 0.566269842350
0.314000000000 0.566163435714
0.314500000000 0.566057028853
0.315000000000 0.565950621771
0.315500000000 0.565844214468
0.316000000000 0.565737806946
0.316500000000 0.565631399208
0.317000000000 0.565524991254
0.317500000000 0.565418583086
0.318000000000 0.565312174707
0.318500000000 0.565205766117
0.319000000000 0.565099357318
0.319500000000 0.564992948313
0.320000000000 0.564886539102
0.320500000000 0.564780129687
0.321000000000 0.564673720071
0.321500000000 0.564567310253
0.322000000000 0.564460900237
0.322500000000 0.564354490024
0.323000000000 0.564248079615
0.323500000000 0.564141669012
0.324000000000 0.564035258216
0.324500000000 0.563928847229
0.325000000000 0.563822436053
0.325500000000 0.563716024689
0.326000000000 0.563609613138
0.326500000000 0.563503201403
0.327000000000 0.563396789484
0.327500000000 0.563290377384
0.328000000000 0.563183965103
0.328500000000 0.563077552643
0.329000000000 0.562971140005
0.329500000000 0.562864727192
0.330000000000 0.562758314205
0.330500000000 0.562651901044
0.331000000000 0.562545487712
0.331500000000 0.562439074210
0.332000000000 0.562332660539
0.332500000000 0.562226246700
0.333000000000 0.562119832696
0.333500000000 0.562013418528
0.334000000000 0.561907004196
0.334500000000 0.561800589703
0.335000000000 0.561694175049
0.335500000000 0.561587760237
0.336000000000 0.561481345267
0.336500000000 0.561374930141
0.337000000000 0.561268514860
0.337500000000 0.561162099426
0.338000000000 0.561055683840
0.338500000000 0.560949268103
0.339000000000 0.560842852216
0.339500000000 0.560736436182
0.340000000000 0.560630020000
0.340500000000 0.560523603673
0.341000000000 0.560417187202
0.341500000000 0.560310770588
0.342000000000 0.560204353832
0.342500000000 0.560097936936
0.343000000000 0.559991519901
0.343500000000 0.559885102728
0.344000000000 0.559778685418
0.344500000000 0.559672267974
0.345000000000 0.559565850395
0.345500000000 0.559459432683
0.346000000000 0.559353014840
0.346500000000 0.559246596866
0.347000000000 0.559140178763
0.347500000000 0.559033760533
0.348000000000 0.558927342175
0.348500000000 0.558820923692
0.349000000000 0.558714505085
0.349500000000 0.558608086355
0.350000000000 0.558501667503
0.350500000000 0.558395248529
0.351000000000 0.558288829437
0.351500000000 0.558182410226
0.352000000000 0.558075990897
0.352500000000 0.557969571453
0.353000000000 0.557863151894
0.353500000000 0.557756732220
0.354000000000 0.557650312434
0.354500000000 0.557543892537
0.355000000000 0.557437472529
0.355500000000 0.557331052412
0.356000000000 0.557224632187
0.356500000000 0.557118211854
0.357000000000 0.557011791416
0.357500000000 0.556905370872
0.358000000000 0.556798950225
0.358500000000 0.556692529476
0.359000000000 0.556586108624
0.359500000000 0.556479687673
0.360000000000 0.556373266621
0.360500000000 0.556266845472
0.361000000000 0.556160424225
0.361500000000 0.556054002881
0.362000000000 0.555947581443
0.362500000000 0.555841159910
0.363000000000 0.555734738285
0.363500000000 0.555628316567
0.364000000000 0.555521894758
0.364500000000 0.555415472859
0.365000000000 0.555309050872
0.365500000000 0.555202628796
0.366000000000 0.555096206633
0.366500000000 0.554989784385
0.367000000000 0.554883362052
0.367500000000 0.554776939634
0.368000000000 0.554670517134
0.368500000000 0.554564094552
0.369000000000 0.554457671889
0.369500000000 0.554351249146
0.370000000000 0.554244826324
0.370500000000 0.554138403424
0.371000000000 0.554031980447
0.371500000000 0.553925557394
0.372000000000 0.553819134266
0.372500000000 0.553712711064
0.373000000000 0.553606287789
0.373500000000 0.553499864441
0.374000000000 0.553393441023
0.374500000000 0.553287017534
0.375000000000 0.553180593976
0.375500000000 0.553074170349
0.376000000000 0.552967746655
0.376500000000 0.552861322894
0.377000000000 0.552754899068
0.377500000000 0.552648475177
0.378000000000 0.552542051222
0.378500000000 0.552435627205
0.379000000000 0.552329203125
0.379500000000 0.552222778984
0.380000000000 0.552116354784
0.380500000000 0.552009930524
0.381000000000 0.551903506206
0.381500000000 0.551797081830
0.382000000000 0.551690657398
0.382500000000 0.551584232910
0.383000000000 0.551477808368
0.383500000000 0.551371383771
0.384000000000 0.551264959122
0.384500000000 0.551158534420
0.385000000000 0.551052109667
0.385500000000 0.550945684864
0.386000000000 0.550839260012
0.386500000000 0.550732835111
0.387000000000 0.550626410162
0.387500000000 0.550519985166
0.388000000000 0.550413560124
0.388500000000 0.550307135037
0.389000000000 0.550200709905
0.389500000000 0.550094284730
0.390000000000 0.549987859512
0.390500000000 0.549881434253
0.391000000000 0.549775008953
0.391500000000 0.549668583612
0.392000000000 0.549562158232
0.392500000000 0.549455732814
0.393000000000 0.549349307358
0.393500000000 0.549242881865
0.394000000000 0.549136456336
0.394500000000 0.549030030772
0.395000000000 0.548923605174
0.395500000000 0.548817179542
0.396000000000 0.548710753878
0.396500000000 0.548604328181
0.397000000000 0.548497902454
0.397500000000 0.548391476696
0.398000000000 0.548285050909
0.398500000000 0.548178625093
0.399000000000 0.548072199249
0.399500000000 0.547965773378
0.400000000000 0.547859347481
0.400500000000 0.547752921558
0.401000000000 0.547646495611
0.401500000000 0.547540069640
0.402000000000 0.547433643645
0.402500000000 0.547327217629
0.403000000000 0.547220791591
0.403500000000 0.547114365532
0.404000000000 0.547007939453
0.404500000000 0.546901513355
0.405000000000 0.546795087238
0.405500000000 0.546688661104
0.406000000000 0.546582234953
0.406500000000 0.546475808786
0.407000000000 0.546369382604
0.407500000000 0.546262956407
0.408000000000 0.546156530196
0.408500000000 0.546050103972
0.409000000000 0.545943677736
0.409500000000 0.545837251489
0.410000000000 0.545730825230
0.410500000000 0.545624398962
0.411000000000 0.545517972685
0.411500000000 0.545411546399
0.412000000000 0.545305120105
0.412500000000 0.545198693805
0.413000000000 0.545092267498
0.413500000000 0.544985841186
0.414000000000 0.544879414869
0.414500000000 0.544772988549
0.415000000000 0.544666562225
0.415500000000 0.544560135899
0.416000000000 0.544453709571
0.416500000000 0.544347283242
0.417000000000 0.544240856912
0.417500000000 0.544134430584
0.418000000000 0.544028004257
0.418500000000 0.543921577931
0.419000000000 0.543815151609
0.419500000000 0.543708725290
0.420000000000 0.543602298975
0.420500000000 0.543495872665
0.421000000000 0.543389446361
0.421500000000 0.543283020063
0.422000000000 0.543176593773
0.422500000000 0.543070167490
0.423000000000 0.542963741216
0.423500000000 0.542857314952
0.424000000000 0.542750888697
0.424500000000 0.542644462454
0.425000000000 0.542538036222
0.425500000000 0.542431610002
0.426000000000 0.542325183795
0.426500000000 0.542218757602
0.427000000000 0.542112331424
0.427500000000 0.542005905261
0.428000000000 0.541899479113
0.428500000000 0.541793052983
0.429000000000 0.541686626870
0.429500000000 0.541580200774
0.430000000000 0.541473774698
0.430500000000 0.541367348642
0.431000000000 0.541260922605
0.431500000000 0.541154496590
0.432000000000 0.541048070596
0.432500000000 0.540941644625
0.433000000000 0.540835218677
0.433500000000 0.540728792753
0.434000000000 0.540622366854
0.434500000000 0.540515940980
0.435000000000 0.540409515132
0.435500000000 0.540303089311
0.436000000000 0.540196663517
0.436500000000 0.540090237752
0.437000000000 0.539983812015
0.437500000000 0.539877386309
0.438000000000 0.539770960632
0.438500000000 0.539664534987
0.439000000000 0.539558109374
0.439500000000 0.539451683793
0.440000000000 0.539345258246
0.440500000000 0.539238832733
0.441000000000 0.539132407254
0.441500000000 0.539025981811
0.442000000000 0.538919556405
0.442500000000 0.538813131035
0.443000000000 0.538706705703
0.443500000000 0.538600280409
0.444000000000 0.538493855154
0.444500000000 0.538387429939
0.445000000000 0.538281004765
0.445500000000 0.538174579632
0.446000000000 0.538068154541
0.446500000000 0.537961729493
0.447000000000 0.537855304488
0.447500000000 0.537748879528
0.448000000000 0.537642454612
0.448500000000 0.537536029742
0.449000000000 0.537429604919
0.449500000000 0.537323180143
0.450000000000 0.537216755414
0.450500000000 0.537110330734
0.451000000000 0.537003906104
0.451500000000 0.536897481523
0.452000000000 0.536791056994
0.452500000000 0.536684632516
0.453000000000 0.536578208090
0.453500000000 0.536471783717
0.454000000000 0.536365359398
0.454500000000 0.536258935134
0.455000000000 0.536152510924
0.455500000000 0.536046086771
0.456000000000 0.535939662675
0.456500000000 0.535833238635
0.457000000000 0.535726814655
0.457500000000 0.535620390733
0.458000000000 0.535513966871
0.458500000000 0.535407543069
0.459000000000 0.535301119328
0.459500000000 0.535194695650
0.460000000000 0.535088272034
0.460500000000 0.534981848482
0.461000000000 0.534875424994
0.461500000000 0.534769001571
0.462000000000 0.534662578213
0.462500000000 0.534556154923
0.463000000000 0.534449731699
0.463500000000 0.534343308543
0.464000000000 0.534236885457
0.464500000000 0.534130462439
0.465000000000 0.534024039493
0.465500000000 0.533917616617
0.466000000000 0.533811193813
0.466500000000 0.533704771082
0.467000000000 0.533598348424
0.467500000000 0.533491925840
0.468000000000 0.533385503331
0.468500000000 0.533279080898
0.469000000000 0.533172658542
0.469500000000 0.533066236263
0.470000000000 0.532959814061
0.470500000000 0.532853391939
0.471000000000 0.532746969897
0.471500000000 0.532640547934
0.472000000000 0.532534126053
0.472500000000 0.532427704255
0.473000000000 0.532321282538
0.473500000000 0.532214860906
0.474000000000 0.532108439358
0.474500000000 0.532002017895
0.475000000000 0.531895596518
0.475500000000 0.531789175228
0.476000000000 0.531682754026
0.476500000000 0.531576332912
0.477000000000 0.531469911887
0.477500000000 0.531363490953
0.478000000000 0.531257070109
0.478500000000 0.531150649357
0.479000000000 0.531044228698
0.479500000000 0.530937808132
0.480000000000 0.530831387660
0.480500000000 0.530724967283
0.481000000000 0.530618547002
0.481500000000 0.530512126817
0.482000000000 0.530405706730
0.482500000000 0.530299286742
0.483000000000 0.530192866852
0.483500000000 0.530086447063
0.484000000000 0.529980027374
0.484500000000 0.529873607788
0.485000000000 0.529767188303
0.485500000000 0.529660768922
0.486000000000 0.529554349646
0.486500000000 0.529447930474
0.487000000000 0.529341511409
0.487500000000 0.529235092450
0.488000000000 0.529128673600
0.488500000000 0.529022254857
0.489000000000 0.528915836225
0.489500000000 0.528809417702
0.490000000000 0.528702999291
0.490500000000 0.528596580992
0.491000000000 0.528490162806
0.491500000000 0.528383744734
0.492000000000 0.528277326776
0.492500000000 0.528170908934
0.493000000000 0.528064491209
0.493500000000 0.527958073601
0.494000000000 0.527851656112
0.494500000000 0.527745238742
0.495000000000 0.527638821492
0.495500000000 0.527532404363
0.496000000000 0.527425987357
0.496500000000 0.527319570473
0.497000000000 0.527213153713
0.497500000000 0.527106737078
0.498000000000 0.527000320568
0.498500000000 0.526893904185
0.499000000000 0.526787487930
0.499500000000 0.526681071804
0.500000000000 0.526574655806
