0.500000000000 0.526574655806
0.500500000000 0.526468239940
0.501000000000 0.526361824204
0.501500000000 0.526255408601
0.502000000000 0.526148993132
0.502500000000 0.526042577796
0.503000000000 0.525936162596
0.503500000000 0.525829747532
0.504000000000 0.525723332605
0.504500000000 0.525616917816
0.505000000000 0.525510503167
0.505500000000 0.525404088657
0.506000000000 0.525297674289
0.506500000000 0.525191260063
0.507000000000 0.525084845980
0.507500000000 0.524978432041
0.508000000000 0.524872018247
0.508500000000 0.524765604599
0.509000000000 0.524659191098
0.509500000000 0.524552777746
0.510000000000 0.524446364543
0.510500000000 0.524339951490
0.511000000000 0.524233538588
0.511500000000 0.524127125838
0.512000000000 0.524020713242
0.512500000000 0.523914300800
0.513000000000 0.523807888514
0.513500000000 0.523701476384
0.514000000000 0.523595064412
0.514500000000 0.523488652598
0.515000000000 0.523382240944
0.515500000000 0.523275829450
0.516000000000 0.523169418119
0.516500000000 0.523063006950
0.517000000000 0.522956595946
0.517500000000 0.522850185106
0.518000000000 0.522743774433
0.518500000000 0.522637363927
0.519000000000 0.522530953589
0.519500000000 0.522424543421
0.520000000000 0.522318133423
0.520500000000 0.522211723598
0.521000000000 0.522105313945
0.521500000000 0.521998904466
0.522000000000 0.521892495162
0.522500000000 0.521786086034
0.523000000000 0.521679677084
0.523500000000 0.521573268313
0.524000000000 0.521466859721
0.524500000000 0.521360451310
0.525000000000 0.521254043081
0.525500000000 0.521147635036
0.526000000000 0.521041227175
0.526500000000 0.520934819499
0.527000000000 0.520828412010
0.527500000000 0.520722004710
0.528000000000 0.520615597598
0.528500000000 0.520509190677
0.529000000000 0.520402783948
0.529500000000 0.520296377411
0.530000000000 0.520189971068
0.530500000000 0.520083564921
0.531000000000 0.519977158970
0.531500000000 0.519870753217
0.532000000000 0.519764347663
0.532500000000 0.519657942310
0.533000000000 0.519551537158
0.533500000000 0.519445132208
0.534000000000 0.519338727463
0.534500000000 0.519232322923
0.535000000000 0.519125918590
0.535500000000 0.519019514465
0.536000000000 0.518913110549
0.536500000000 0.518806706843
0.537000000000 0.518700303349
0.537500000000 0.518593900069
0.538000000000 0.518487497003
0.538500000000 0.518381094153
0.539000000000 0.518274691519
0.539500000000 0.518168289105
0.540000000000 0.518061886910
0.540500000000 0.517955484937
0.541000000000 0.517849083186
0.541500000000 0.517742681659
0.542000000000 0.517636280357
0.542500000000 0.517529879282
0.543000000000 0.517423478435
0.543500000000 0.517317077817
0.544000000000 0.517210677431
0.544500000000 0.517104277276
0.545000000000 0.516997877356
0.545500000000 0.516891477670
0.546000000000 0.516785078222
0.546500000000 0.516678679011
0.547000000000 0.516572280039
0.547500000000 0.516465881309
0.548000000000 0.516359482821
0.548500000000 0.516253084576
0.549000000000 0.516146686577
0.549500000000 0.516040288825
0.550000000000 0.515933891321
0.550500000000 0.515827494067
0.551000000000 0.515721097064
0.551500000000 0.515614700315
0.552000000000 0.515508303819
0.552500000000 0.515401907579
0.553000000000 0.515295511597
0.553500000000 0.515189115873
0.554000000000 0.515082720411
0.554500000000 0.514976325210
0.555000000000 0.514869930273
0.555500000000 0.514763535601
0.556000000000 0.514657141195
0.556500000000 0.514550747059
0.557000000000 0.514444353192
0.557500000000 0.514337959597
0.558000000000 0.514231566275
0.558500000000 0.514125173228
0.559000000000 0.514018780457
0.559500000000 0.513912387965
0.560000000000 0.513805995753
0.560500000000 0.513699603821
0.561000000000 0.513593212173
0.561500000000 0.513486820810
0.562000000000 0.513380429734
0.562500000000 0.513274038945
0.563000000000 0.513167648447
0.563500000000 0.513061258240
0.564000000000 0.512954868326
0.564500000000 0.512848478708
0.565000000000 0.512742089386
0.565500000000 0.512635700363
0.566000000000 0.512529311640
0.566500000000 0.512422923219
0.567000000000 0.512316535102
0.567500000000 0.512210147291
0.568000000000 0.512103759788
0.568500000000 0.511997372593
0.569000000000 0.511890985710
0.569500000000 0.511784599140
0.570000000000 0.511678212884
0.570500000000 0.511571826945
0.571000000000 0.511465441325
0.571500000000 0.511359056025
0.572000000000 0.511252671047
0.572500000000 0.511146286393
0.573000000000 0.511039902065
0.573500000000 0.510933518065
0.574000000000 0.510827134395
0.574500000000 0.510720751057
0.575000000000 0.510614368052
0.575500000000 0.510507985383
0.576000000000 0.510401603052
0.576500000000 0.510295221060
0.577000000000 0.510188839409
0.577500000000 0.510082458103
0.578000000000 0.509976077141
0.578500000000 0.509869696528
0.579000000000 0.509763316263
0.579500000000 0.509656936351
0.580000000000 0.509550556792
0.580500000000 0.509444177589
0.581000000000 0.509337798744
0.581500000000 0.509231420258
0.582000000000 0.509125042134
0.582500000000 0.509018664375
0.583000000000 0.508912286982
0.583500000000 0.508805909956
0.584000000000 0.508699533302
0.584500000000 0.508593157020
0.585000000000 0.508486781112
0.585500000000 0.508380405582
0.586000000000 0.508274030430
0.586500000000 0.508167655660
0.587000000000 0.508061281273
0.587500000000 0.507954907272
0.588000000000 0.507848533659
0.588500000000 0.507742160436
0.589000000000 0.507635787605
0.589500000000 0.507529415170
0.590000000000 0.507423043131
0.590500000000 0.507316671491
0.591000000000 0.507210300253
0.591500000000 0.507103929419
0.592000000000 0.506997558990
0.592500000000 0.506891188971
0.593000000000 0.506784819362
0.593500000000 0.506678450167
0.594000000000 0.506572081387
0.594500000000 0.506465713025
0.595000000000 0.506359345084
0.595500000000 0.506252977566
0.596000000000 0.506146610472
0.596500000000 0.506040243807
0.597000000000 0.505933877572
0.597500000000 0.505827511769
0.598000000000 0.505721146402
0.598500000000 0.505614781472
0.599000000000 0.505508416982
0.599500000000 0.505402052935
0.600000000000 0.505295689334
0.600500000000 0.505189326180
0.601000000000 0.505082963476
0.601500000000 0.504976601225
0.602000000000 0.504870239430
0.602500000000 0.504763878093
0.603000000000 0.504657517217
0.603500000000 0.504551156804
0.604000000000 0.504444796858
0.604500000000 0.504338437379
0.605000000000 0.504232078373
0.605500000000 0.504125719840
0.606000000000 0.504019361785
0.606500000000 0.503913004209
0.607000000000 0.503806647115
0.607500000000 0.503700290506
0.608000000000 0.503593934385
0.608500000000 0.503487578755
0.609000000000 0.503381223618
0.609500000000 0.503274868978
0.610000000000 0.503168514836
0.610500000000 0.503062161196
0.611000000000 0.502955808062
0.611500000000 0.502849455434
0.612000000000 0.502743103318
0.612500000000 0.502636751715
0.613000000000 0.502530400628
0.613500000000 0.502424050061
0.614000000000 0.502317700016
0.614500000000 0.502211350496
0.615000000000 0.502105001505
0.615500000000 0.501998653045
0.616000000000 0.501892305119
0.616500000000 0.501785957731
0.617000000000 0.501679610883
0.617500000000 0.501573264579
0.618000000000 0.501466918821
0.618500000000 0.501360573614
0.619000000000 0.501254228958
0.619500000000 0.501147884859
0.620000000000 0.501041541320
0.620500000000 0.500935198342
0.621000000000 0.500828855930
0.621500000000 0.500722514087
0.622000000000 0.500616172816
0.622500000000 0.500509832120
0.623000000000 0.500403492003
0.623500000000 0.500297152467
0.624000000000 0.500190813517
0.624500000000 0.500084475155
0.625000000000 0.499978137385
0.625500000000 0.499871800210
0.626000000000 0.499765463634
0.626500000000 0.499659127659
0.627000000000 0.499552792290
0.627500000000 0.499446457530
0.628000000000 0.499340123382
0.628500000000 0.499233789850
0.629000000000 0.499127456937
0.629500000000 0.499021124646
0.630000000000 0.498914792982
0.630500000000 0.498808461948
0.631000000000 0.498702131547
0.631500000000 0.498595801783
0.632000000000 0.498489472660
0.632500000000 0.498383144181
0.633000000000 0.498276816350
0.633500000000 0.498170489171
0.634000000000 0.498064162646
0.634500000000 0.497957836781
0.635000000000 0.497851511578
0.635500000000 0.497745187042
0.636000000000 0.497638863176
0.636500000000 0.497532539984
0.637000000000 0.497426217470
0.637500000000 0.497319895638
0.638000000000 0.497213574491
0.638500000000 0.497107254033
0.639000000000 0.497000934269
0.639500000000 0.496894615202
0.640000000000 0.496788296836
0.640500000000 0.496681979176
0.641000000000 0.496575662224
0.641500000000 0.496469345986
0.642000000000 0.496363030464
0.642500000000 0.496256715664
0.643000000000 0.496150401590
0.643500000000 0.496044088244
0.644000000000 0.495937775633
0.644500000000 0.495831463758
0.645000000000 0.495725152626
0.645500000000 0.495618842240
0.646000000000 0.495512532604
0.646500000000 0.495406223722
0.647000000000 0.495299915599
0.647500000000 0.495193608239
0.648000000000 0.495087301647
0.648500000000 0.494980995826
0.649000000000 0.494874690781
0.649500000000 0.494768386516
0.650000000000 0.494662083037
0.650500000000 0.494555780346
0.651000000000 0.494449478449
0.651500000000 0.494343177350
0.652000000000 0.494236877054
0.652500000000 0.494130577565
0.653000000000 0.494024278888
0.653500000000 0.493917981027
0.654000000000 0.493811683987
0.654500000000 0.493705387772
0.655000000000 0.493599092388
0.655500000000 0.493492797838
0.656000000000 0.493386504128
0.656500000000 0.493280211262
0.657000000000 0.493173919245
0.657500000000 0.493067628082
0.658000000000 0.492961337777
0.658500000000 0.492855048336
0.659000000000 0.492748759764
0.659500000000 0.492642472064
0.660000000000 0.492536185242
0.660500000000 0.492429899304
0.661000000000 0.492323614253
0.661500000000 0.492217330096
0.662000000000 0.492111046836
0.662500000000 0.492004764479
0.663000000000 0.491898483031
0.663500000000 0.491792202496
0.664000000000 0.491685922879
0.664500000000 0.491579644185
0.665000000000 0.491473366421
0.665500000000 0.491367089590
0.666000000000 0.491260813698
0.666500000000 0.491154538751
0.667000000000 0.491048264754
0.667500000000 0.490941991711
0.668000000000 0.490835719629
0.668500000000 0.490729448513
0.669000000000 0.490623178368
0.669500000000 0.490516909200
0.670000000000 0.490410641014
0.670500000000 0.490304373815
0.671000000000 0.490198107610
0.671500000000 0.490091842403
0.672000000000 0.489985578201
0.672500000000 0.489879315009
0.673000000000 0.489773052833
0.673500000000 0.489666791677
0.674000000000 0.489560531549
0.674500000000 0.489454272454
0.675000000000 0.489348014397
0.675500000000 0.489241757385
0.676000000000 0.489135501423
0.676500000000 0.489029246517
0.677000000000 0.488922992673
0.677500000000 0.488816739897
0.678000000000 0.488710488195
0.678500000000 0.488604237573
0.679000000000 0.488497988038
0.679500000000 0.488391739594
0.680000000000 0.488285492248
0.680500000000 0.488179246007
0.681000000000 0.488073000876
0.681500000000 0.487966756862
0.682000000000 0.487860513971
0.682500000000 0.487754272209
0.683000000000 0.487648031582
0.683500000000 0.487541792098
0.684000000000 0.487435553761
0.684500000000 0.487329316580
0.685000000000 0.487223080559
0.685500000000 0.487116845706
0.686000000000 0.487010612027
0.686500000000 0.486904379529
0.687000000000 0.486798148218
0.687500000000 0.486691918101
0.688000000000 0.486585689184
0.688500000000 0.486479461475
0.689000000000 0.486373234979
0.689500000000 0.486267009704
0.690000000000 0.486160785657
0.690500000000 0.486054562844
0.691000000000 0.485948341272
0.691500000000 0.485842120948
0.692000000000 0.485735901880
0.692500000000 0.485629684073
0.693000000000 0.485523467535
0.693500000000 0.485417252274
0.694000000000 0.485311038296
0.694500000000 0.485204825608
0.695000000000 0.485098614218
0.695500000000 0.484992404132
0.696000000000 0.484886195359
0.696500000000 0.484779987905
0.697000000000 0.484673781777
0.697500000000 0.484567576983
0.698000000000 0.484461373531
0.698500000000 0.484355171428
0.699000000000 0.484248970681
0.699500000000 0.484142771298
0.700000000000 0.484036573287
0.700500000000 0.483930376654
0.701000000000 0.483824181408
0.701500000000 0.483717987557
0.702000000000 0.483611795108
0.702500000000 0.483505604069
0.703000000000 0.483399414447
0.703500000000 0.483293226251
0.704000000000 0.483187039489
0.704500000000 0.483080854168
0.705000000000 0.482974670296
0.705500000000 0.482868487882
0.706000000000 0.482762306934
0.706500000000 0.482656127459
0.707000000000 0.482549949465
0.707500000000 0.482443772962
0.708000000000 0.482337597957
0.708500000000 0.482231424459
0.709000000000 0.482125252475
0.709500000000 0.482019082015
0.710000000000 0.481912913086
0.710500000000 0.481806745697
0.711000000000 0.481700579857
0.711500000000 0.481594415574
0.712000000000 0.481488252857
0.712500000000 0.481382091714
0.713000000000 0.481275932154
0.713500000000 0.481169774186
0.714000000000 0.481063617819
0.714500000000 0.480957463061
0.715000000000 0.480851309922
0.715500000000 0.480745158410
0.716000000000 0.480639008533
0.716500000000 0.480532860303
0.717000000000 0.480426713726
0.717500000000 0.480320568813
0.718000000000 0.480214425572
0.718500000000 0.480108284013
0.719000000000 0.480002144145
0.719500000000 0.479896005977
0.720000000000 0.479789869519
0.720500000000 0.479683734781
0.721000000000 0.479577601770
0.721500000000 0.479471470498
0.722000000000 0.479365340973
0.722500000000 0.479259213205
0.723000000000 0.479153087205
0.723500000000 0.479046962980
0.724000000000 0.478940840542
0.724500000000 0.478834719900
0.725000000000 0.478728601064
0.725500000000 0.478622484044
0.726000000000 0.478516368849
0.726500000000 0.478410255491
0.727000000000 0.478304143978
0.727500000000 0.478198034321
0.728000000000 0.478091926531
0.728500000000 0.477985820616
0.729000000000 0.477879716588
0.729500000000 0.477773614458
0.730000000000 0.477667514234
0.730500000000 0.477561415929
0.731000000000 0.477455319551
0.731500000000 0.477349225112
0.732000000000 0.477243132623
0.732500000000 0.477137042094
0.733000000000 0.477030953535
0.733500000000 0.476924866958
0.734000000000 0.476818782374
0.734500000000 0.476712699792
0.735000000000 0.476606619225
0.735500000000 0.476500540683
0.736000000000 0.476394464176
0.736500000000 0.476288389717
0.737000000000 0.476182317317
0.737500000000 0.476076246986
0.738000000000 0.475970178736
0.738500000000 0.475864112578
0.739000000000 0.475758048524
0.739500000000 0.475651986584
0.740000000000 0.475545926772
0.740500000000 0.475439869097
0.741000000000 0.475333813572
0.741500000000 0.475227760208
0.742000000000 0.475121709018
0.742500000000 0.475015660013
0.743000000000 0.474909613204
0.743500000000 0.474803568604
0.744000000000 0.474697526225
0.744500000000 0.474591486078
0.745000000000 0.474485448176
0.745500000000 0.474379412531
0.746000000000 0.474273379156
0.746500000000 0.474167348062
0.747000000000 0.474061319262
0.747500000000 0.473955292768
0.748000000000 0.473849268593
0.748500000000 0.473743246749
0.749000000000 0.473637227249
0.749500000000 0.473531210105
0.750000000000 0.473425195331
0.750500000000 0.473319182939
0.751000000000 0.473213172942
0.751500000000 0.473107165353
0.752000000000 0.473001160185
0.752500000000 0.472895157450
0.753000000000 0.472789157163
0.753500000000 0.472683159335
0.754000000000 0.472577163982
0.754500000000 0.472471171115
0.755000000000 0.472365180748
0.755500000000 0.472259192895
0.756000000000 0.472153207569
0.756500000000 0.472047224783
0.757000000000 0.471941244552
0.757500000000 0.471835266889
0.758000000000 0.471729291808
0.758500000000 0.471623319323
0.759000000000 0.471517349448
0.759500000000 0.471411382196
0.760000000000 0.471305417581
0.760500000000 0.471199455619
0.761000000000 0.471093496323
0.761500000000 0.470987539707
0.762000000000 0.470881585786
0.762500000000 0.470775634574
0.763000000000 0.470669686085
0.763500000000 0.470563740335
0.764000000000 0.470457797338
0.764500000000 0.470351857108
0.765000000000 0.470245919660
0.765500000000 0.470139985010
0.766000000000 0.470034053171
0.766500000000 0.469928124160
0.767000000000 0.469822197990
0.767500000000 0.469716274678
0.768000000000 0.469610354239
0.768500000000 0.469504436687
0.769000000000 0.469398522038
0.769500000000 0.469292610308
0.770000000000 0.469186701512
0.770500000000 0.469080795666
0.771000000000 0.468974892785
0.771500000000 0.468868992885
0.772000000000 0.468763095982
0.772500000000 0.468657202092
0.773000000000 0.468551311231
0.773500000000 0.468445423414
0.774000000000 0.468339538659
0.774500000000 0.468233656980
0.775000000000 0.468127778395
0.775500000000 0.468021902920
0.776000000000 0.467916030572
0.776500000000 0.467810161366
0.777000000000 0.467704295319
0.777500000000 0.467598432448
0.778000000000 0.467492572771
0.778500000000 0.467386716303
0.779000000000 0.467280863061
0.779500000000 0.467175013063
0.780000000000 0.467069166326
0.780500000000 0.466963322866
0.781000000000 0.466857482702
0.781500000000 0.466751645850
0.782000000000 0.466645812328
0.782500000000 0.466539982153
0.783000000000 0.466434155343
0.783500000000 0.466328331916
0.784000000000 0.466222511888
0.784500000000 0.466116695279
0.785000000000 0.466010882106
0.785500000000 0.465905072387
0.786000000000 0.465799266140
0.786500000000 0.465693463383
0.787000000000 0.465587664135
0.787500000000 0.465481868414
0.788000000000 0.465376076237
0.788500000000 0.465270287625
0.789000000000 0.465164502595
0.789500000000 0.465058721166
0.790000000000 0.464952943356
0.790500000000 0.464847169185
0.791000000000 0.464741398672
0.791500000000 0.464635631836
0.792000000000 0.464529868695
0.792500000000 0.464424109269
0.793000000000 0.464318353577
0.793500000000 0.464212601639
0.794000000000 0.464106853474
0.794500000000 0.464001109102
0.795000000000 0.463895368542
0.795500000000 0.463789631813
0.796000000000 0.463683898937
0.796500000000 0.463578169933
0.797000000000 0.463472444820
0.797500000000 0.463366723619
0.798000000000 0.463261006350
0.798500000000 0.463155293034
0.799000000000 0.463049583690
0.799500000000 0.462943878340
0.800000000000 0.462838177003
0.800500000000 0.462732479701
0.801000000000 0.462626786454
0.801500000000 0.462521097283
0.802000000000 0.462415412208
0.802500000000 0.462309731252
0.803000000000 0.462204054435
0.803500000000 0.462098381779
0.804000000000 0.461992713304
0.804500000000 0.461887049032
0.805000000000 0.461781388985
0.805500000000 0.461675733184
0.806000000000 0.461570081651
0.806500000000 0.461464434407
0.807000000000 0.461358791475
0.807500000000 0.461253152877
0.808000000000 0.461147518634
0.808500000000 0.461041888769
0.809000000000 0.460936263304
0.809500000000 0.460830642262
0.810000000000 0.460725025665
0.810500000000 0.460619413535
0.811000000000 0.460513805895
0.811500000000 0.460408202769
0.812000000000 0.460302604178
0.812500000000 0.460197010146
0.813000000000 0.460091420696
0.813500000000 0.459985835851
0.814000000000 0.459880255634
0.814500000000 0.459774680069
0.815000000000 0.459669109179
0.815500000000 0.459563542988
0.816000000000 0.459457981519
0.816500000000 0.459352424797
0.817000000000 0.459246872845
0.817500000000 0.459141325686
0.818000000000 0.459035783346
0.818500000000 0.458930245848
0.819000000000 0.458824713217
0.819500000000 0.458719185477
0.820000000000 0.458613662652
0.820500000000 0.458508144767
0.821000000000 0.458402631847
0.821500000000 0.458297123917
0.822000000000 0.458191621001
0.822500000000 0.458086123125
0.823000000000 0.457980630313
0.823500000000 0.457875142591
0.824000000000 0.457769659984
0.824500000000 0.457664182518
0.825000000000 0.457558710218
0.825500000000 0.457453243110
0.826000000000 0.457347781219
0.826500000000 0.457242324572
0.827000000000 0.457136873194
0.827500000000 0.457031427111
0.828000000000 0.456925986350
0.828500000000 0.456820550937
0.829000000000 0.456715120898
0.829500000000 0.456609696260
0.830000000000 0.456504277049
0.830500000000 0.456398863292
0.831000000000 0.456293455016
0.831500000000 0.456188052248
0.832000000000 0.456082655015
0.832500000000 0.455977263343
0.833000000000 0.455871877261
0.833500000000 0.455766496795
0.834000000000 0.455661121974
0.834500000000 0.455555752824
0.835000000000 0.455450389373
0.835500000000 0.455345031649
0.836000000000 0.455239679681
0.836500000000 0.455134333495
0.837000000000 0.455028993121
0.837500000000 0.454923658586
0.838000000000 0.454818329918
0.838500000000 0.454713007147
0.839000000000 0.454607690300
0.839500000000 0.454502379407
0.840000000000 0.454397074496
0.840500000000 0.454291775596
0.841000000000 0.454186482737
0.841500000000 0.454081195946
0.842000000000 0.453975915254
0.842500000000 0.453870640689
0.843000000000 0.453765372282
0.843500000000 0.453660110062
0.844000000000 0.453554854058
0.844500000000 0.453449604300
0.845000000000 0.453344360819
0.845500000000 0.453239123644
0.846000000000 0.453133892804
0.846500000000 0.453028668332
0.847000000000 0.452923450256
0.847500000000 0.452818238608
0.848000000000 0.452713033417
0.848500000000 0.452607834715
0.849000000000 0.452502642533
0.849500000000 0.452397456901
0.850000000000 0.452292277850
0.850500000000 0.452187105411
0.851000000000 0.452081939616
0.851500000000 0.451976780496
0.852000000000 0.451871628083
0.852500000000 0.451766482408
0.853000000000 0.451661343502
0.853500000000 0.451556211399
0.854000000000 0.451451086128
0.854500000000 0.451345967723
0.855000000000 0.451240856216
0.855500000000 0.451135751639
0.856000000000 0.451030654025
0.856500000000 0.450925563405
0.857000000000 0.450820479812
0.857500000000 0.450715403280
0.858000000000 0.450610333840
0.858500000000 0.450505271527
0.859000000000 0.450400216372
0.859500000000 0.450295168410
0.860000000000 0.450190127673
0.860500000000 0.450085094195
0.861000000000 0.449980068009
0.861500000000 0.449875049149
0.862000000000 0.449770037648
0.862500000000 0.449665033541
0.863000000000 0.449560036862
0.863500000000 0.449455047644
0.864000000000 0.449350065921
0.864500000000 0.449245091729
0.865000000000 0.449140125101
0.865500000000 0.449035166071
0.866000000000 0.448930214676
0.866500000000 0.448825270948
0.867000000000 0.448720334924
0.867500000000 0.448615406637
0.868000000000 0.448510486124
0.868500000000 0.448405573419
0.869000000000 0.448300668558
0.869500000000 0.448195771575
0.870000000000 0.448090882507
0.870500000000 0.447986001390
0.871000000000 0.447881128258
0.871500000000 0.447776263148
0.872000000000 0.447671406095
0.872500000000 0.447566557136
0.873000000000 0.447461716307
0.873500000000 0.447356883645
0.874000000000 0.447252059184
0.874500000000 0.447147242963
0.875000000000 0.447042435018
0.875500000000 0.446937635385
0.876000000000 0.446832844102
0.876500000000 0.446728061204
0.877000000000 0.446623286730
0.877500000000 0.446518520716
0.878000000000 0.446413763200
0.878500000000 0.446309014219
0.879000000000 0.446204273811
0.879500000000 0.446099542012
0.880000000000 0.445994818861
0.880500000000 0.445890104396
0.881000000000 0.445785398655
0.881500000000 0.445680701674
0.882000000000 0.445576013494
0.882500000000 0.445471334151
0.883000000000 0.445366663684
0.883500000000 0.445262002132
0.884000000000 0.445157349533
0.884500000000 0.445052705926
0.885000000000 0.444948071349
0.885500000000 0.444843445841
0.886000000000 0.444738829442
0.886500000000 0.444634222190
0.887000000000 0.444529624124
0.887500000000 0.444425035284
0.888000000000 0.444320455709
0.888500000000 0.444215885438
0.889000000000 0.444111324511
0.889500000000 0.444006772968
0.890000000000 0.443902230848
0.890500000000 0.443797698192
0.891000000000 0.443693175038
0.891500000000 0.443588661428
0.892000000000 0.443484157401
0.892500000000 0.443379662997
0.893000000000 0.443275178258
0.893500000000 0.443170703222
0.894000000000 0.443066237931
0.894500000000 0.442961782426
0.895000000000 0.442857336747
0.895500000000 0.442752900935
0.896000000000 0.442648475030
0.896500000000 0.442544059074
0.897000000000 0.442439653108
0.897500000000 0.442335257173
0.898000000000 0.442230871311
0.898500000000 0.442126495561
0.899000000000 0.442022129967
0.899500000000 0.441917774569
0.900000000000 0.441813429410
0.900500000000 0.441709094530
0.901000000000 0.441604769972
0.901500000000 0.441500455777
0.902000000000 0.441396151988
0.902500000000 0.441291858646
0.903000000000 0.441187575794
0.903500000000 0.441083303474
0.904000000000 0.440979041727
0.904500000000 0.440874790597
0.905000000000 0.440770550126
0.905500000000 0.440666320357
0.906000000000 0.440562101331
0.906500000000 0.440457893092
0.907000000000 0.440353695683
0.907500000000 0.440249509146
0.908000000000 0.440145333524
0.908500000000 0.440041168861
0.909000000000 0.439937015198
0.909500000000 0.439832872580
0.910000000000 0.439728741050
0.910500000000 0.439624620651
0.911000000000 0.439520511426
0.911500000000 0.439416413419
0.912000000000 0.439312326673
0.912500000000 0.439208251232
0.913000000000 0.439104187139
0.913500000000 0.439000134438
0.914000000000 0.438896093174
0.914500000000 0.438792063389
0.915000000000 0.438688045128
0.915500000000 0.438584038434
0.916000000000 0.438480043352
0.916500000000 0.438376059926
0.917000000000 0.438272088199
0.917500000000 0.438168128217
0.918000000000 0.438064180023
0.918500000000 0.437960243662
0.919000000000 0.437856319177
0.919500000000 0.437752406614
0.920000000000 0.437648506017
0.920500000000 0.437544617431
0.921000000000 0.437440740900
0.921500000000 0.437336876468
0.922000000000 0.437233024181
0.922500000000 0.437129184083
0.923000000000 0.437025356219
0.923500000000 0.436921540633
0.924000000000 0.436817737372
0.924500000000 0.436713946479
0.925000000000 0.436610167999
0.925500000000 0.436506401978
0.926000000000 0.436402648461
0.926500000000 0.436298907493
0.927000000000 0.436195179118
0.927500000000 0.436091463382
0.928000000000 0.435987760331
0.928500000000 0.435884070009
0.929000000000 0.435780392462
0.929500000000 0.435676727735
0.930000000000 0.435573075873
0.930500000000 0.435469436922
0.931000000000 0.435365810927
0.931500000000 0.435262197934
0.932000000000 0.435158597988
0.932500000000 0.435055011134
0.933000000000 0.434951437418
0.933500000000 0.434847876886
0.934000000000 0.434744329583
0.934500000000 0.434640795555
0.935000000000 0.434537274846
0.935500000000 0.434433767504
0.936000000000 0.434330273573
0.936500000000 0.434226793099
0.937000000000 0.434123326128
0.937500000000 0.434019872705
0.938000000000 0.433916432876
0.938500000000 0.433813006686
0.939000000000 0.433709594182
0.939500000000 0.433606195409
0.940000000000 0.433502810413
0.940500000000 0.433399439239
0.941000000000 0.433296081933
0.941500000000 0.433192738541
0.942000000000 0.433089409108
0.942500000000 0.432986093681
0.943000000000 0.432882792304
0.943500000000 0.432779505024
0.944000000000 0.432676231886
0.944500000000 0.432572972936
0.945000000000 0.432469728219
0.945500000000 0.432366497781
0.946000000000 0.432263281668
0.946500000000 0.432160079926
0.947000000000 0.432056892599
0.947500000000 0.431953719734
0.948000000000 0.431850561375
0.948500000000 0.431747417570
0.949000000000 0.431644288362
0.949500000000 0.431541173798
0.950000000000 0.431438073922
0.950500000000 0.431334988781
0.951000000000 0.431231918420
0.951500000000 0.431128862884
0.952000000000 0.431025822219
0.952500000000 0.430922796469
0.953000000000 0.430819785680
0.953500000000 0.430716789898
0.954000000000 0.430613809166
0.954500000000 0.430510843532
0.955000000000 0.430407893039
0.955500000000 0.430304957732
0.956000000000 0.430202037658
0.956500000000 0.430099132860
0.957000000000 0.429996243383
0.957500000000 0.429893369273
0.958000000000 0.429790510574
0.958500000000 0.429687667331
0.959000000000 0.429584839588
0.959500000000 0.429482027391
0.960000000000 0.429379230784
0.960500000000 0.429276449810
0.961000000000 0.429173684516
0.961500000000 0.429070934945
0.962000000000 0.428968201141
0.962500000000 0.428865483148
0.963000000000 0.428762781011
0.963500000000 0.428660094775
0.964000000000 0.428557424482
0.964500000000 0.428454770177
0.965000000000 0.428352131903
0.965500000000 0.428249509706
0.966000000000 0.428146903627
0.966500000000 0.428044313711
0.967000000000 0.427941740001
0.967500000000 0.427839182541
0.968000000000 0.427736641374
0.968500000000 0.427634116544
0.969000000000 0.427531608093
0.969500000000 0.427429116065
0.970000000000 0.427326640502
0.970500000000 0.427224181447
0.971000000000 0.427121738944
0.971500000000 0.427019313035
0.972000000000 0.426916903762
0.972500000000 0.426814511168
0.973000000000 0.426712135295
0.973500000000 0.426609776186
0.974000000000 0.426507433883
0.974500000000 0.426405108427
0.975000000000 0.426302799861
0.975500000000 0.426200508226
0.976000000000 0.426098233564
0.976500000000 0.425995975917
0.977000000000 0.425893735326
0.977500000000 0.425791511832
0.978000000000 0.425689305476
0.978500000000 0.425587116300
0.979000000000 0.425484944345
0.979500000000 0.425382789651
0.980000000000 0.425280652259
0.980500000000 0.425178532209
0.981000000000 0.425076429542
0.981500000000 0.424974344299
0.982000000000 0.424872276518
0.982500000000 0.424770226240
0.983000000000 0.424668193506
0.983500000000 0.424566178354
0.984000000000 0.424464180824
0.984500000000 0.424362200956
0.985000000000 0.424260238789
0.985500000000 0.424158294361
0.986000000000 0.424056367712
0.986500000000 0.423954458881
0.987000000000 0.423852567906
0.987500000000 0.423750694825
0.988000000000 0.423648839677
0.988500000000 0.423547002500
0.989000000000 0.423445183332
0.989500000000 0.423343382211
0.990000000000 0.423241599173
0.990500000000 0.423139834258
0.991000000000 0.423038087502
0.991500000000 0.422936358942
0.992000000000 0.422834648614
0.992500000000 0.422732956557
0.993000000000 0.422631282806
0.993500000000 0.422529627397
0.994000000000 0.422427990368
0.994500000000 0.422326371753
0.995000000000 0.422224771590
0.995500000000 0.422123189912
0.996000000000 0.422021626757
0.996500000000 0.421920082159
0.997000000000 0.421818556153
0.997500000000 0.421717048774
0.998000000000 0.421615560057
0.998500000000 0.421514090036
0.999000000000 0.421412638746
0.999500000000 0.421311206221
1.000000000000 0.421209792494
