0.000000000000 1.000000000000
0.000500000000 0.999218547433
0.001000000000 0.998442559964
0.001500000000 0.997671992756
0.002000000000 0.996906801400
0.002500000000 0.996146941917
0.003000000000 0.995392370747
0.003500000000 0.994643044746
0.004000000000 0.993898921183
0.004500000000 0.993159957732
0.005000000000 0.992426112470
0.005500000000 0.991697343873
0.006000000000 0.990973610807
0.006500000000 0.990254872527
0.007000000000 0.989541088673
0.007500000000 0.988832219264
0.008000000000 0.988128224694
0.008500000000 0.987429065727
0.009000000000 0.986734703496
0.009500000000 0.986045099494
0.010000000000 0.985360215573
0.010500000000 0.984680013942
0.011000000000 0.984004457157
0.011500000000 0.983333508122
0.012000000000 0.982667130085
0.012500000000 0.982005286629
0.013000000000 0.981347941677
0.013500000000 0.980695059480
0.014000000000 0.980046604617
0.014500000000 0.979402541992
0.015000000000 0.978762836830
0.015500000000 0.978127454671
0.016000000000 0.977496361370
0.016500000000 0.976869523092
0.017000000000 0.976246906309
0.017500000000 0.975628477796
0.018000000000 0.975014204626
0.018500000000 0.974404054173
0.019000000000 0.973797994102
0.019500000000 0.973195992369
0.020000000000 0.972598017216
0.020500000000 0.972004037172
0.021000000000 0.971414021046
0.021500000000 0.970827937924
0.022000000000 0.970245757168
0.022500000000 0.969667448414
0.023000000000 0.969092981565
0.023500000000 0.968522326792
0.024000000000 0.967955454530
0.024500000000 0.967392335473
0.025000000000 0.966832940577
0.025500000000 0.966277241049
0.026000000000 0.965725208352
0.026500000000 0.965176814199
0.027000000000 0.964632030550
0.027500000000 0.964090829609
0.028000000000 0.963553183825
0.028500000000 0.963019065885
0.029000000000 0.962488448714
0.029500000000 0.961961305473
0.030000000000 0.961437609554
0.030500000000 0.960917334582
0.031000000000 0.960400454406
0.031500000000 0.959886943105
0.032000000000 0.959376774977
0.032500000000 0.958869924545
0.033000000000 0.958366366547
0.033500000000 0.957866075941
0.034000000000 0.957369027898
0.034500000000 0.956875197801
0.035000000000 0.956384561242
0.035500000000 0.955897094024
0.036000000000 0.955412772152
0.036500000000 0.954931571839
0.037000000000 0.954453469496
0.037500000000 0.953978441737
0.038000000000 0.953506465371
0.038500000000 0.953037517406
0.039000000000 0.952571575040
0.039500000000 0.952108615666
0.040000000000 0.951648616866
0.040500000000 0.951191556411
0.041000000000 0.950737412256
0.041500000000 0.950286162545
0.042000000000 0.949837785599
0.042500000000 0.949392259926
0.043000000000 0.948949564207
0.043500000000 0.948509677307
0.044000000000 0.948072578261
0.044500000000 0.947638246281
0.045000000000 0.947206660751
0.045500000000 0.946777801225
0.046000000000 0.946351647426
0.046500000000 0.945928179247
0.047000000000 0.945507376742
0.047500000000 0.945089220134
0.048000000000 0.944673689805
0.048500000000 0.944260766301
0.049000000000 0.943850430325
0.049500000000 0.943442662739
0.050000000000 0.943037444563
0.050500000000 0.942634756970
0.051000000000 0.942234581288
0.051500000000 0.941836898996
0.052000000000 0.941441691725
0.052500000000 0.941048941253
0.053000000000 0.940658629509
0.053500000000 0.940270738567
0.054000000000 0.939885250645
0.054500000000 0.939502148107
0.055000000000 0.939121413457
0.055500000000 0.938743029343
0.056000000000 0.938366978551
0.056500000000 0.937993244004
0.057000000000 0.937621808766
0.057500000000 0.937252656034
0.058000000000 0.936885769141
0.058500000000 0.936521131553
0.059000000000 0.936158726869
0.059500000000 0.935798538817
0.060000000000 0.935440551257
0.060500000000 0.935084748178
0.061000000000 0.934731113693
0.061500000000 0.934379632045
0.062000000000 0.934030287601
0.062500000000 0.933683064851
0.063000000000 0.933337948410
0.063500000000 0.932994923012
0.064000000000 0.932653973514
0.064500000000 0.932315084891
0.065000000000 0.931978242238
0.065500000000 0.931643430767
0.066000000000 0.931310635805
0.066500000000 0.930979842797
0.067000000000 0.930651037299
0.067500000000 0.930324204984
0.068000000000 0.929999331634
0.068500000000 0.929676403144
0.069000000000 0.929355405519
0.069500000000 0.929036324873
0.070000000000 0.928719147429
0.070500000000 0.928403859517
0.071000000000 0.928090447573
0.071500000000 0.927778898140
0.072000000000 0.927469197864
0.072500000000 0.927161333495
0.073000000000 0.926855291886
0.073500000000 0.926551059991
0.074000000000 0.926248624867
0.074500000000 0.925947973670
0.075000000000 0.925649093653
0.075500000000 0.925351972172
0.076000000000 0.925056596675
0.076500000000 0.924762954712
0.077000000000 0.924471033924
0.077500000000 0.924180822051
0.078000000000 0.923892306924
0.078500000000 0.923605476469
0.079000000000 0.923320318705
0.079500000000 0.923036821740
0.080000000000 0.922754973776
0.080500000000 0.922474763104
0.081000000000 0.922196178105
0.081500000000 0.921919207246
0.082000000000 0.921643839085
0.082500000000 0.921370062266
0.083000000000 0.921097865518
0.083500000000 0.920827237659
0.084000000000 0.920558167588
0.084500000000 0.920290644291
0.085000000000 0.920024656835
0.085500000000 0.919760194373
0.086000000000 0.919497246137
0.086500000000 0.919235801441
0.087000000000 0.918975849682
0.087500000000 0.918717380334
0.088000000000 0.918460382952
0.088500000000 0.918204847170
0.089000000000 0.917950762697
0.089500000000 0.917698119323
0.090000000000 0.917446906914
0.090500000000 0.917197115410
0.091000000000 0.916948734828
0.091500000000 0.916701755260
0.092000000000 0.916456166871
0.092500000000 0.916211959900
0.093000000000 0.915969124660
0.093500000000 0.915727651536
0.094000000000 0.915487530983
0.094500000000 0.915248753528
0.095000000000 0.915011309771
0.095500000000 0.914775190378
0.096000000000 0.914540386087
0.096500000000 0.914306887704
0.097000000000 0.914074686103
0.097500000000 0.913843772227
0.098000000000 0.913614137085
0.098500000000 0.913385771752
0.099000000000 0.913158667370
0.099500000000 0.912932815147
0.100000000000 0.912708206355
0.100500000000 0.912484832331
0.101000000000 0.912262684476
0.101500000000 0.912041754252
0.102000000000 0.911822033189
0.102500000000 0.911603512874
0.103000000000 0.911386184960
0.103500000000 0.911170041158
0.104000000000 0.910955073242
0.104500000000 0.910741273046
0.105000000000 0.910528632464
0.105500000000 0.910317143448
0.106000000000 0.910106798011
0.106500000000 0.909897588224
0.107000000000 0.909689506214
0.107500000000 0.909482544169
0.108000000000 0.909276694330
0.108500000000 0.909071948998
0.109000000000 0.908868300528
0.109500000000 0.908665741332
0.110000000000 0.908464263877
0.110500000000 0.908263860684
0.111000000000 0.908064524330
0.111500000000 0.907866247444
0.112000000000 0.907669022710
0.112500000000 0.907472842864
0.113000000000 0.907277700695
0.113500000000 0.907083589046
0.114000000000 0.906890500809
0.114500000000 0.906698428930
0.115000000000 0.906507366403
0.115500000000 0.906317306276
0.116000000000 0.906128241644
0.116500000000 0.905940165656
0.117000000000 0.905753071506
0.117500000000 0.905566952439
0.118000000000 0.905381801749
0.118500000000 0.905197612779
0.119000000000 0.905014378917
0.119500000000 0.904832093602
0.120000000000 0.904650750317
0.120500000000 0.904470342594
0.121000000000 0.904290864012
0.121500000000 0.904112308193
0.122000000000 0.903934668807
0.122500000000 0.903757939569
0.123000000000 0.903582114240
0.123500000000 0.903407186623
0.124000000000 0.903233150567
0.124500000000 0.903059999965
0.125000000000 0.902887728754
0.125500000000 0.902716330913
0.126000000000 0.902545800466
0.126500000000 0.902376131476
0.127000000000 0.902207318052
0.127500000000 0.902039354344
0.128000000000 0.901872234541
0.128500000000 0.901705952878
0.129000000000 0.901540503627
0.129500000000 0.901375881103
0.130000000000 0.901212079660
0.130500000000 0.901049093693
0.131000000000 0.900886917636
0.131500000000 0.900725545962
0.132000000000 0.900564973186
0.132500000000 0.900405193858
0.133000000000 0.900246202570
0.133500000000 0.900087993949
0.134000000000 0.899930562663
0.134500000000 0.899773903416
0.135000000000 0.899618010949
0.135500000000 0.899462880042
0.136000000000 0.899308505509
0.136500000000 0.899154882204
0.137000000000 0.899002005014
0.137500000000 0.898849868864
0.138000000000 0.898698468715
0.138500000000 0.898547799562
0.139000000000 0.898397856436
0.139500000000 0.898248634402
0.140000000000 0.898100128562
0.140500000000 0.897952334049
0.141000000000 0.897805246034
0.141500000000 0.897658859718
0.142000000000 0.897513170339
0.142500000000 0.897368173166
0.143000000000 0.897223863503
0.143500000000 0.897080236684
0.144000000000 0.896937288079
0.144500000000 0.896795013089
0.145000000000 0.896653407146
0.145500000000 0.896512465716
0.146000000000 0.896372184295
0.146500000000 0.896232558412
0.147000000000 0.896093583625
0.147500000000 0.895955255524
0.148000000000 0.895817569731
0.148500000000 0.895680521898
0.149000000000 0.895544107705
0.149500000000 0.895408322865
0.150000000000 0.895273163119
0.150500000000 0.895138624238
0.151000000000 0.895004702023
0.151500000000 0.894871392304
0.152000000000 0.894738690940
0.152500000000 0.894606593818
0.153000000000 0.894475096853
0.153500000000 0.894344195991
0.154000000000 0.894213887203
0.154500000000 0.894084166490
0.155000000000 0.893955029880
0.155500000000 0.893826473429
0.156000000000 0.893698493219
0.156500000000 0.893571085360
0.157000000000 0.893444245989
0.157500000000 0.893317971269
0.158000000000 0.893192257390
0.158500000000 0.893067100569
0.159000000000 0.892942497047
0.159500000000 0.892818443094
0.160000000000 0.892694935002
0.160500000000 0.892571969092
0.161000000000 0.892449541709
0.161500000000 0.892327649222
0.162000000000 0.892206288026
0.162500000000 0.892085454541
0.163000000000 0.891965145212
0.163500000000 0.891845356508
0.164000000000 0.891726084921
0.164500000000 0.891607326970
0.165000000000 0.891489079194
0.165500000000 0.891371338158
0.166000000000 0.891254100453
0.166500000000 0.891137362688
0.167000000000 0.891021121499
0.167500000000 0.890905373544
0.168000000000 0.890790115504
0.168500000000 0.890675344082
0.169000000000 0.890561056006
0.169500000000 0.890447248023
0.170000000000 0.890333916904
0.170500000000 0.890221059443
0.171000000000 0.890108672453
0.171500000000 0.889996752773
0.172000000000 0.889885297259
0.172500000000 0.889774302791
0.173000000000 0.889663766270
0.173500000000 0.889553684619
0.174000000000 0.889444054779
0.174500000000 0.889334873716
0.175000000000 0.889226138413
0.175500000000 0.889117845876
0.176000000000 0.889009993129
0.176500000000 0.888902577219
0.177000000000 0.888795595211
0.177500000000 0.888689044190
0.178000000000 0.888582921263
0.178500000000 0.888477223554
0.179000000000 0.888371948208
0.179500000000 0.888267092388
0.180000000000 0.888162653279
0.180500000000 0.888058628083
0.181000000000 0.887955014020
0.181500000000 0.887851808331
0.182000000000 0.887749008274
0.182500000000 0.887646611128
0.183000000000 0.887544614187
0.183500000000 0.887443014767
0.184000000000 0.887341810198
0.184500000000 0.887240997832
0.185000000000 0.887140575037
0.185500000000 0.887040539199
0.186000000000 0.886940887721
0.186500000000 0.886841618024
0.187000000000 0.886742727548
0.187500000000 0.886644213748
0.188000000000 0.886546074096
0.188500000000 0.886448306084
0.189000000000 0.886350907218
0.189500000000 0.886253875021
0.190000000000 0.886157207035
0.190500000000 0.886060900816
0.191000000000 0.885964953937
0.191500000000 0.885869363989
0.192000000000 0.885774128577
0.192500000000 0.885679245324
0.193000000000 0.885584711867
0.193500000000 0.885490525861
0.194000000000 0.885396684974
0.194500000000 0.885303186893
0.195000000000 0.885210029318
0.195500000000 0.885117209965
0.196000000000 0.885024726566
0.196500000000 0.884932576868
0.197000000000 0.884840758633
0.197500000000 0.884749269637
0.198000000000 0.884658107672
0.198500000000 0.884567270545
0.199000000000 0.884476756077
0.199500000000 0.884386562104
0.200000000000 0.884296686475
0.200500000000 0.884207127057
0.201000000000 0.884117881727
0.201500000000 0.884028948378
0.202000000000 0.883940324918
0.202500000000 0.883852009268
0.203000000000 0.883763999363
0.203500000000 0.883676293152
0.204000000000 0.883588888596
0.204500000000 0.883501783673
0.205000000000 0.883414976371
0.205500000000 0.883328464693
0.206000000000 0.883242246657
0.206500000000 0.883156320290
0.207000000000 0.883070683635
0.207500000000 0.882985334749
0.208000000000 0.882900271700
0.208500000000 0.882815492568
0.209000000000 0.882730995448
0.209500000000 0.882646778447
0.210000000000 0.882562839684
0.210500000000 0.882479177290
0.211000000000 0.882395789411
0.211500000000 0.882312674202
0.212000000000 0.882229829832
0.212500000000 0.882147254482
0.213000000000 0.882064946345
0.213500000000 0.881982903626
0.214000000000 0.881901124542
0.214500000000 0.881819607320
0.215000000000 0.881738350202
0.215500000000 0.881657351440
0.216000000000 0.881576609297
0.216500000000 0.881496122047
0.217000000000 0.881415887978
0.217500000000 0.881335905387
0.218000000000 0.881256172583
0.218500000000 0.881176687886
0.219000000000 0.881097449627
0.219500000000 0.881018456149
0.220000000000 0.880939705805
0.220500000000 0.880861196958
0.221000000000 0.880782927984
0.221500000000 0.880704897268
0.222000000000 0.880627103207
0.222500000000 0.880549544206
0.223000000000 0.880472218683
0.223500000000 0.880395125066
0.224000000000 0.880318261792
0.224500000000 0.880241627310
0.225000000000 0.880165220079
0.225500000000 0.880089038566
0.226000000000 0.880013081250
0.226500000000 0.879937346620
0.227000000000 0.879861833175
0.227500000000 0.879786539423
0.228000000000 0.879711463881
0.228500000000 0.879636605078
0.229000000000 0.879561961552
0.229500000000 0.879487531849
0.230000000000 0.879413314525
0.230500000000 0.879339308148
0.231000000000 0.879265511292
0.231500000000 0.879191922542
0.232000000000 0.879118540493
0.232500000000 0.879045363746
0.233000000000 0.878972390916
0.233500000000 0.878899620622
0.234000000000 0.878827051496
0.234500000000 0.878754682176
0.235000000000 0.878682511311
0.235500000000 0.878610537559
0.236000000000 0.878538759584
0.236500000000 0.878467176061
0.237000000000 0.878395785673
0.237500000000 0.878324587113
0.238000000000 0.878253579079
0.238500000000 0.878182760282
0.239000000000 0.878112129437
0.239500000000 0.878041685270
0.240000000000 0.877971426516
0.240500000000 0.877901351915
0.241000000000 0.877831460218
0.241500000000 0.877761750184
0.242000000000 0.877692220577
0.242500000000 0.877622870174
0.243000000000 0.877553697755
0.243500000000 0.877484702111
0.244000000000 0.877415882040
0.244500000000 0.877347236348
0.245000000000 0.877278763847
0.245500000000 0.877210463360
0.246000000000 0.877142333714
0.246500000000 0.877074373747
0.247000000000 0.877006582302
0.247500000000 0.876938958230
0.248000000000 0.876871500391
0.248500000000 0.876804207650
0.249000000000 0.876737078880
0.249500000000 0.876670112962
0.250000000000 0.876603308785
0.250500000000 0.876536665243
0.251000000000 0.876470181239
0.251500000000 0.876403855681
0.252000000000 0.876337687487
0.252500000000 0.876271675578
0.253000000000 0.876205818886
0.253500000000 0.876140116347
0.254000000000 0.876074566906
0.254500000000 0.876009169512
0.255000000000 0.875943923124
0.255500000000 0.875878826705
0.256000000000 0.875813879226
0.256500000000 0.875749079665
0.257000000000 0.875684427005
0.257500000000 0.875619920236
0.258000000000 0.875555558356
0.258500000000 0.875491340367
0.259000000000 0.875427265280
0.259500000000 0.875363332110
0.260000000000 0.875299539879
0.260500000000 0.875235887617
0.261000000000 0.875172374357
0.261500000000 0.875108999140
0.262000000000 0.875045761013
0.262500000000 0.874982659030
0.263000000000 0.874919692250
0.263500000000 0.874856859737
0.264000000000 0.874794160562
0.264500000000 0.874731593803
0.265000000000 0.874669158541
0.265500000000 0.874606853866
0.266000000000 0.874544678873
0.266500000000 0.874482632660
0.267000000000 0.874420714334
0.267500000000 0.874358923007
0.268000000000 0.874297257795
0.268500000000 0.874235717821
0.269000000000 0.874174302214
0.269500000000 0.874113010107
0.270000000000 0.874051840640
0.270500000000 0.873990792956
0.271000000000 0.873929866207
0.271500000000 0.873869059547
0.272000000000 0.873808372138
0.272500000000 0.873747803146
0.273000000000 0.873687351741
0.273500000000 0.873627017100
0.274000000000 0.873566798405
0.274500000000 0.873506694843
0.275000000000 0.873446705606
0.275500000000 0.873386829891
0.276000000000 0.873327066899
0.276500000000 0.873267415838
0.277000000000 0.873207875920
0.277500000000 0.873148446362
0.278000000000 0.873089126386
0.278500000000 0.873029915218
0.279000000000 0.872970812091
0.279500000000 0.872911816239
0.280000000000 0.872852926906
0.280500000000 0.872794143335
0.281000000000 0.872735464779
0.281500000000 0.872676890492
0.282000000000 0.872618419733
0.282500000000 0.872560051769
0.283000000000 0.872501785867
0.283500000000 0.872443621301
0.284000000000 0.872385557349
0.284500000000 0.872327593294
0.285000000000 0.872269728423
0.285500000000 0.872211962027
0.286000000000 0.872154293402
0.286500000000 0.872096721848
0.287000000000 0.872039246670
0.287500000000 0.871981867177
0.288000000000 0.871924582681
0.288500000000 0.871867392500
0.289000000000 0.871810295955
0.289500000000 0.871753292372
0.290000000000 0.871696381081
0.290500000000 0.871639561415
0.291000000000 0.871582832713
0.291500000000 0.871526194317
0.292000000000 0.871469645573
0.292500000000 0.871413185830
0.293000000000 0.871356814444
0.293500000000 0.871300530772
0.294000000000 0.871244334176
0.294500000000 0.871188224021
0.295000000000 0.871132199679
0.295500000000 0.871076260521
0.296000000000 0.871020405926
0.296500000000 0.870964635274
0.297000000000 0.870908947951
0.297500000000 0.870853343345
0.298000000000 0.870797820849
0.298500000000 0.870742379858
0.299000000000 0.870687019772
0.299500000000 0.870631739994
0.300000000000 0.870576539932
0.300500000000 0.870521418996
0.301000000000 0.870466376600
0.301500000000 0.870411412161
0.302000000000 0.870356525101
0.302500000000 0.870301714843
0.303000000000 0.870246980817
0.303500000000 0.870192322453
0.304000000000 0.870137739186
0.304500000000 0.870083230455
0.305000000000 0.870028795701
0.305500000000 0.869974434368
0.306000000000 0.869920145906
0.306500000000 0.869865929765
0.307000000000 0.869811785400
0.307500000000 0.869757712270
0.308000000000 0.869703709835
0.308500000000 0.869649777560
0.309000000000 0.869595914913
0.309500000000 0.869542121364
0.310000000000 0.869488396386
0.310500000000 0.869434739457
0.311000000000 0.869381150058
0.311500000000 0.869327627670
0.312000000000 0.869274171780
0.312500000000 0.869220781878
0.313000000000 0.869167457454
0.313500000000 0.869114198005
0.314000000000 0.869061003029
0.314500000000 0.869007872025
0.315000000000 0.868954804499
0.315500000000 0.868901799957
0.316000000000 0.868848857909
0.316500000000 0.868795977866
0.317000000000 0.868743159345
0.317500000000 0.868690401863
0.318000000000 0.868637704942
0.318500000000 0.868585068104
0.319000000000 0.868532490877
0.319500000000 0.868479972789
0.320000000000 0.868427513372
0.320500000000 0.868375112161
0.321000000000 0.868322768692
0.321500000000 0.868270482506
0.322000000000 0.868218253146
0.322500000000 0.868166080155
0.323000000000 0.868113963082
0.323500000000 0.868061901477
0.324000000000 0.868009894892
0.324500000000 0.867957942883
0.325000000000 0.867906045008
0.325500000000 0.867854200826
0.326000000000 0.867802409901
0.326500000000 0.867750671798
0.327000000000 0.867698986084
0.327500000000 0.867647352329
0.328000000000 0.867595770107
0.328500000000 0.867544238990
0.329000000000 0.867492758558
0.329500000000 0.867441328390
0.330000000000 0.867389948066
0.330500000000 0.867338617172
0.331000000000 0.867287335294
0.331500000000 0.867236102020
0.332000000000 0.867184916943
0.332500000000 0.867133779654
0.333000000000 0.867082689749
0.333500000000 0.867031646827
0.334000000000 0.866980650487
0.334500000000 0.866929700331
0.335000000000 0.866878795963
0.335500000000 0.866827936990
0.336000000000 0.866777123020
0.336500000000 0.866726353664
0.337000000000 0.866675628534
0.337500000000 0.866624947246
0.338000000000 0.866574309416
0.338500000000 0.866523714662
0.339000000000 0.866473162607
0.339500000000 0.866422652873
0.340000000000 0.866372185084
0.340500000000 0.866321758868
0.341000000000 0.866271373853
0.341500000000 0.866221029671
0.342000000000 0.866170725955
0.342500000000 0.866120462338
0.343000000000 0.866070238457
0.343500000000 0.866020053952
0.344000000000 0.865969908462
0.344500000000 0.865919801629
0.345000000000 0.865869733099
0.345500000000 0.865819702515
0.346000000000 0.865769709527
0.346500000000 0.865719753784
0.347000000000 0.865669834938
0.347500000000 0.865619952640
0.348000000000 0.865570106547
0.348500000000 0.865520296314
0.349000000000 0.865470521601
0.349500000000 0.865420782066
0.350000000000 0.865371077373
0.350500000000 0.865321407184
0.351000000000 0.865271771164
0.351500000000 0.865222168981
0.352000000000 0.865172600302
0.352500000000 0.865123064799
0.353000000000 0.865073562141
0.353500000000 0.865024092004
0.354000000000 0.864974654061
0.354500000000 0.864925247990
0.355000000000 0.864875873467
0.355500000000 0.864826530174
0.356000000000 0.864777217790
0.356500000000 0.864727935999
0.357000000000 0.864678684485
0.357500000000 0.864629462934
0.358000000000 0.864580271032
0.358500000000 0.864531108468
0.359000000000 0.864481974933
0.359500000000 0.864432870119
0.360000000000 0.864383793717
0.360500000000 0.864334745423
0.361000000000 0.864285724932
0.361500000000 0.864236731941
0.362000000000 0.864187766151
0.362500000000 0.864138827259
0.363000000000 0.864089914968
0.363500000000 0.864041028981
0.364000000000 0.863992169001
0.364500000000 0.863943334734
0.365000000000 0.863894525887
0.365500000000 0.863845742168
0.366000000000 0.863796983285
0.366500000000 0.863748248950
0.367000000000 0.863699538875
0.367500000000 0.863650852773
0.368000000000 0.863602190357
0.368500000000 0.863553551345
0.369000000000 0.863504935452
0.369500000000 0.863456342396
0.370000000000 0.863407771897
0.370500000000 0.863359223676
0.371000000000 0.863310697454
0.371500000000 0.863262192953
0.372000000000 0.863213709898
0.372500000000 0.863165248013
0.373000000000 0.863116807026
0.373500000000 0.863068386663
0.374000000000 0.863019986653
0.374500000000 0.862971606725
0.375000000000 0.862923246610
0.375500000000 0.862874906039
0.376000000000 0.862826584747
0.376500000000 0.862778282465
0.377000000000 0.862729998930
0.377500000000 0.862681733877
0.378000000000 0.862633487043
0.378500000000 0.862585258166
0.379000000000 0.862537046986
0.379500000000 0.862488853241
0.380000000000 0.862440676673
0.380500000000 0.862392517025
0.381000000000 0.862344374038
0.381500000000 0.862296247457
0.382000000000 0.862248137026
0.382500000000 0.862200042491
0.383000000000 0.862151963600
0.383500000000 0.862103900098
0.384000000000 0.862055851736
0.384500000000 0.862007818261
0.385000000000 0.861959799425
0.385500000000 0.861911794978
0.386000000000 0.861863804673
0.386500000000 0.861815828262
0.387000000000 0.861767865499
0.387500000000 0.861719916139
0.388000000000 0.861671979936
0.388500000000 0.861624056647
0.389000000000 0.861576146028
0.389500000000 0.861528247839
0.390000000000 0.861480361836
0.390500000000 0.861432487779
0.391000000000 0.861384625429
0.391500000000 0.861336774545
0.392000000000 0.861288934891
0.392500000000 0.861241106227
0.393000000000 0.861193288317
0.393500000000 0.861145480925
0.394000000000 0.861097683815
0.394500000000 0.861049896752
0.395000000000 0.861002119503
0.395500000000 0.860954351832
0.396000000000 0.860906593509
0.396500000000 0.860858844300
0.397000000000 0.860811103974
0.397500000000 0.860763372301
0.398000000000 0.860715649049
0.398500000000 0.860667933990
0.399000000000 0.860620226894
0.399500000000 0.860572527534
0.400000000000 0.860524835680
0.400500000000 0.860477151107
0.401000000000 0.860429473587
0.401500000000 0.860381802895
0.402000000000 0.860334138805
0.402500000000 0.860286481091
0.403000000000 0.860238829531
0.403500000000 0.860191183899
0.404000000000 0.860143543973
0.404500000000 0.860095909530
0.405000000000 0.860048280348
0.405500000000 0.860000656204
0.406000000000 0.859953036878
0.406500000000 0.859905422149
0.407000000000 0.859857811796
0.407500000000 0.859810205600
0.408000000000 0.859762603341
0.408500000000 0.859715004801
0.409000000000 0.859667409760
0.409500000000 0.859619818002
0.410000000000 0.859572229307
0.410500000000 0.859524643460
0.411000000000 0.859477060243
0.411500000000 0.859429479440
0.412000000000 0.859381900834
0.412500000000 0.859334324211
0.413000000000 0.859286749355
0.413500000000 0.859239176052
0.414000000000 0.859191604086
0.414500000000 0.859144033243
0.415000000000 0.859096463311
0.415500000000 0.859048894074
0.416000000000 0.859001325321
0.416500000000 0.858953756838
0.417000000000 0.858906188413
0.417500000000 0.858858619833
0.418000000000 0.858811050887
0.418500000000 0.858763481364
0.419000000000 0.858715911050
0.419500000000 0.858668339737
0.420000000000 0.858620767212
0.420500000000 0.858573193266
0.421000000000 0.858525617687
0.421500000000 0.858478040266
0.422000000000 0.858430460793
0.422500000000 0.858382879059
0.423000000000 0.858335294854
0.423500000000 0.858287707968
0.424000000000 0.858240118193
0.424500000000 0.858192525320
0.425000000000 0.858144929140
0.425500000000 0.858097329445
0.426000000000 0.858049726027
0.426500000000 0.858002118677
0.427000000000 0.857954507187
0.427500000000 0.857906891350
0.428000000000 0.857859270958
0.428500000000 0.857811645803
0.429000000000 0.857764015678
0.429500000000 0.857716380375
0.430000000000 0.857668739688
0.430500000000 0.857621093408
0.431000000000 0.857573441330
0.431500000000 0.857525783246
0.432000000000 0.857478118949
0.432500000000 0.857430448233
0.433000000000 0.857382770889
0.433500000000 0.857335086713
0.434000000000 0.857287395497
0.434500000000 0.857239697035
0.435000000000 0.857191991119
0.435500000000 0.857144277543
0.436000000000 0.857096556101
0.436500000000 0.857048826587
0.437000000000 0.857001088792
0.437500000000 0.856953342512
0.438000000000 0.856905587539
0.438500000000 0.856857823666
0.439000000000 0.856810050687
0.439500000000 0.856762268396
0.440000000000 0.856714476584
0.440500000000 0.856666675047
0.441000000000 0.856618863576
0.441500000000 0.856571041964
0.442000000000 0.856523210005
0.442500000000 0.856475367492
0.443000000000 0.856427514217
0.443500000000 0.856379649972
0.444000000000 0.856331774551
0.444500000000 0.856283887746
0.445000000000 0.856235989348
0.445500000000 0.856188079151
0.446000000000 0.856140156947
0.446500000000 0.856092222526
0.447000000000 0.856044275681
0.447500000000 0.855996316204
0.448000000000 0.855948343885
0.448500000000 0.855900358516
0.449000000000 0.855852359888
0.449500000000 0.855804347792
0.450000000000 0.855756322018
0.450500000000 0.855708282357
0.451000000000 0.855660228599
0.451500000000 0.855612160533
0.452000000000 0.855564077951
0.452500000000 0.855515980640
0.453000000000 0.855467868390
0.453500000000 0.855419740991
0.454000000000 0.855371598230
0.454500000000 0.855323439897
0.455000000000 0.855275265779
0.455500000000 0.855227075665
0.456000000000 0.855178869341
0.456500000000 0.855130646596
0.457000000000 0.855082407216
0.457500000000 0.855034150987
0.458000000000 0.854985877697
0.458500000000 0.854937587130
0.459000000000 0.854889279073
0.459500000000 0.854840953311
0.460000000000 0.854792609629
0.460500000000 0.854744247811
0.461000000000 0.854695867642
0.461500000000 0.854647468905
0.462000000000 0.854599051383
0.462500000000 0.854550614861
0.463000000000 0.854502159120
0.463500000000 0.854453683942
0.464000000000 0.854405189110
0.464500000000 0.854356674405
0.465000000000 0.854308139607
0.465500000000 0.854259584497
0.466000000000 0.854211008855
0.466500000000 0.854162412461
0.467000000000 0.854113795094
0.467500000000 0.854065156532
0.468000000000 0.854016496553
0.468500000000 0.853967814936
0.469000000000 0.853919111457
0.469500000000 0.853870385893
0.470000000000 0.853821638020
0.470500000000 0.853772867614
0.471000000000 0.853724074449
0.471500000000 0.853675258301
0.472000000000 0.853626418943
0.472500000000 0.853577556148
0.473000000000 0.853528669690
0.473500000000 0.853479759341
0.474000000000 0.853430824872
0.474500000000 0.853381866056
0.475000000000 0.853332882661
0.475500000000 0.853283874458
0.476000000000 0.853234841217
0.476500000000 0.853185782707
0.477000000000 0.853136698694
0.477500000000 0.853087588947
0.478000000000 0.853038453232
0.478500000000 0.852989291316
0.479000000000 0.852940102965
0.479500000000 0.852890887942
0.480000000000 0.852841646012
0.480500000000 0.852792376938
0.481000000000 0.852743080484
0.481500000000 0.852693756411
0.482000000000 0.852644404480
0.482500000000 0.852595024453
0.483000000000 0.852545616089
0.483500000000 0.852496179147
0.484000000000 0.852446713386
0.484500000000 0.852397218563
0.485000000000 0.852347694436
0.485500000000 0.852298140759
0.486000000000 0.852248557290
0.486500000000 0.852198943782
0.487000000000 0.852149299988
0.487500000000 0.852099625663
0.488000000000 0.852049920558
0.488500000000 0.852000184424
0.489000000000 0.851950417013
0.489500000000 0.851900618073
0.490000000000 0.851850787353
0.490500000000 0.851800924602
0.491000000000 0.851751029566
0.491500000000 0.851701101992
0.492000000000 0.851651141625
0.492500000000 0.851601148209
0.493000000000 0.851551121489
0.493500000000 0.851501061206
0.494000000000 0.851450967102
0.494500000000 0.851400838919
0.495000000000 0.851350676396
0.495500000000 0.851300479271
0.496000000000 0.851250247283
0.496500000000 0.851199980169
0.497000000000 0.851149677665
0.497500000000 0.851099339506
0.498000000000 0.851048965426
0.498500000000 0.850998555157
0.499000000000 0.850948108433
0.499500000000 0.850897624983
0.500000000000 0.850847104539
0.500500000000 0.850796546828
0.501000000000 0.850745951580
0.501500000000 0.850695318519
0.502000000000 0.850644647374
0.502500000000 0.850593937867
0.503000000000 0.850543189724
0.503500000000 0.850492402665
0.504000000000 0.850441576414
0.504500000000 0.850390710689
0.505000000000 0.850339805210
0.505500000000 0.850288859696
0.506000000000 0.850237873863
0.506500000000 0.850186847427
0.507000000000 0.850135780103
0.507500000000 0.850084671604
0.508000000000 0.850033521641
0.508500000000 0.849982329928
0.509000000000 0.849931096172
0.509500000000 0.849879820083
0.510000000000 0.849828501369
0.510500000000 0.849777139735
0.511000000000 0.849725734886
0.511500000000 0.849674286526
0.512000000000 0.849622794359
0.512500000000 0.849571258083
0.513000000000 0.849519677401
0.513500000000 0.849468052010
0.514000000000 0.849416381607
0.514500000000 0.849364665889
0.515000000000 0.849312904551
0.515500000000 0.849261097284
0.516000000000 0.849209243783
0.516500000000 0.849157343737
0.517000000000 0.849105396835
0.517500000000 0.849053402766
0.518000000000 0.849001361216
0.518500000000 0.848949271869
0.519000000000 0.848897134411
0.519500000000 0.848844948523
0.520000000000 0.848792713886
0.520500000000 0.848740430179
0.521000000000 0.848688097081
0.521500000000 0.848635714268
0.522000000000 0.848583281415
0.522500000000 0.848530798195
0.523000000000 0.848478264281
0.523500000000 0.848425679344
0.524000000000 0.848373043052
0.524500000000 0.848320355073
0.525000000000 0.848267615072
0.525500000000 0.848214822716
0.526000000000 0.848161977665
0.526500000000 0.848109079583
0.527000000000 0.848056128127
0.527500000000 0.848003122957
0.528000000000 0.847950063730
0.528500000000 0.847896950099
0.529000000000 0.847843781718
0.529500000000 0.847790558240
0.530000000000 0.847737279314
0.530500000000 0.847683944588
0.531000000000 0.847630553709
0.531500000000 0.847577106322
0.532000000000 0.847523602070
0.532500000000 0.847470040595
0.533000000000 0.847416421537
0.533500000000 0.847362744534
0.534000000000 0.847309009222
0.534500000000 0.847255215236
0.535000000000 0.847201362208
0.535500000000 0.847147449771
0.536000000000 0.847093477552
0.536500000000 0.847039445180
0.537000000000 0.846985352280
0.537500000000 0.846931198476
0.538000000000 0.846876983389
0.538500000000 0.846822706641
0.539000000000 0.846768367849
0.539500000000 0.846713966630
0.540000000000 0.846659502597
0.540500000000 0.846604975364
0.541000000000 0.846550384541
0.541500000000 0.846495729737
0.542000000000 0.846441010559
0.542500000000 0.846386226611
0.543000000000 0.846331377496
0.543500000000 0.846276462815
0.544000000000 0.846221482167
0.544500000000 0.846166435149
0.545000000000 0.846111321355
0.545500000000 0.846056140378
0.546000000000 0.846000891809
0.546500000000 0.845945575236
0.547000000000 0.845890190247
0.547500000000 0.845834736424
0.548000000000 0.845779213352
0.548500000000 0.845723620609
0.549000000000 0.845667957775
0.549500000000 0.845612224424
0.550000000000 0.845556420132
0.550500000000 0.845500544468
0.551000000000 0.845444597004
0.551500000000 0.845388577305
0.552000000000 0.845332484937
0.552500000000 0.845276319463
0.553000000000 0.845220080443
0.553500000000 0.845163767435
0.554000000000 0.845107379996
0.554500000000 0.845050917678
0.555000000000 0.844994380034
0.555500000000 0.844937766612
0.556000000000 0.844881076959
0.556500000000 0.844824310620
0.557000000000 0.844767467136
0.557500000000 0.844710546047
0.558000000000 0.844653546890
0.558500000000 0.844596469200
0.559000000000 0.844539312510
0.559500000000 0.844482076349
0.560000000000 0.844424760244
0.560500000000 0.844367363721
0.561000000000 0.844309886303
0.561500000000 0.844252327508
0.562000000000 0.844194686856
0.562500000000 0.844136963860
0.563000000000 0.844079158033
0.563500000000 0.844021268885
0.564000000000 0.843963295924
0.564500000000 0.843905238653
0.565000000000 0.843847096575
0.565500000000 0.843788869189
0.566000000000 0.843730555993
0.566500000000 0.843672156480
0.567000000000 0.843613670141
0.567500000000 0.843555096466
0.568000000000 0.843496434940
0.568500000000 0.843437685046
0.569000000000 0.843378846266
0.569500000000 0.843319918077
0.570000000000 0.843260899954
0.570500000000 0.843201791370
0.571000000000 0.843142591793
0.571500000000 0.843083300690
0.572000000000 0.843023917525
0.572500000000 0.842964441758
0.573000000000 0.842904872849
0.573500000000 0.842845210251
0.574000000000 0.842785453417
0.574500000000 0.842725601797
0.575000000000 0.842665654836
0.575500000000 0.842605611977
0.576000000000 0.842545472662
0.576500000000 0.842485236327
0.577000000000 0.842424902407
0.577500000000 0.842364470333
0.578000000000 0.842303939533
0.578500000000 0.842243309432
0.579000000000 0.842182579452
0.579500000000 0.842121749013
0.580000000000 0.842060817529
0.580500000000 0.841999784414
0.581000000000 0.841938649077
0.581500000000 0.841877410923
0.582000000000 0.841816069357
0.582500000000 0.841754623778
0.583000000000 0.841693073583
0.583500000000 0.841631418164
0.584000000000 0.841569656912
0.584500000000 0.841507789213
0.585000000000 0.841445814452
0.585500000000 0.841383732007
0.586000000000 0.841321541256
0.586500000000 0.841259241572
0.587000000000 0.841196832324
0.587500000000 0.841134312880
0.588000000000 0.841071682602
0.588500000000 0.841008940849
0.589000000000 0.840946086979
0.589500000000 0.840883120342
0.590000000000 0.840820040289
0.590500000000 0.840756846165
0.591000000000 0.840693537311
0.591500000000 0.840630113067
0.592000000000 0.840566572766
0.592500000000 0.840502915740
0.593000000000 0.840439141317
0.593500000000 0.840375248819
0.594000000000 0.840311237568
0.594500000000 0.840247106878
0.595000000000 0.840182856065
0.595500000000 0.840118484434
0.596000000000 0.840053991293
0.596500000000 0.839989375942
0.597000000000 0.839924637679
0.597500000000 0.839859775798
0.598000000000 0.839794789587
0.598500000000 0.839729678333
0.599000000000 0.839664441318
0.599500000000 0.839599077819
0.600000000000 0.839533587112
0.600500000000 0.839467968466
0.601000000000 0.839402221146
0.601500000000 0.839336344415
0.602000000000 0.839270337532
0.602500000000 0.839204199749
0.603000000000 0.839137930317
0.603500000000 0.839071528481
0.604000000000 0.839004993483
0.604500000000 0.838938324561
0.605000000000 0.838871520947
0.605500000000 0.838804581870
0.606000000000 0.838737506555
0.606500000000 0.838670294223
0.607000000000 0.838602944090
0.607500000000 0.838535455368
0.608000000000 0.838467827264
0.608500000000 0.838400058981
0.609000000000 0.838332149718
0.609500000000 0.838264098670
0.610000000000 0.838195905026
0.610500000000 0.838127567973
0.611000000000 0.838059086690
0.611500000000 0.837990460355
0.612000000000 0.837921688139
0.612500000000 0.837852769210
0.613000000000 0.837783702731
0.613500000000 0.837714487859
0.614000000000 0.837645123749
0.614500000000 0.837575609549
0.615000000000 0.837505944403
0.615500000000 0.837436127451
0.616000000000 0.837366157828
0.616500000000 0.837296034664
0.617000000000 0.837225757083
0.617500000000 0.837155324206
0.618000000000 0.837084735149
0.618500000000 0.837013989022
0.619000000000 0.836943084931
0.619500000000 0.836872021976
0.620000000000 0.836800799254
0.620500000000 0.836729415855
0.621000000000 0.836657870865
0.621500000000 0.836586163365
0.622000000000 0.836514292431
0.622500000000 0.836442257132
0.623000000000 0.836370056535
0.623500000000 0.836297689700
0.624000000000 0.836225155682
0.624500000000 0.836152453530
0.625000000000 0.836079582290
0.625500000000 0.836006541000
0.626000000000 0.835933328696
0.626500000000 0.835859944405
0.627000000000 0.835786387151
0.627500000000 0.835712655952
0.628000000000 0.835638749821
0.628500000000 0.835564667764
0.629000000000 0.835490408784
0.629500000000 0.835415971876
0.630000000000 0.835341356031
0.630500000000 0.835266560234
0.631000000000 0.835191583465
0.631500000000 0.835116424697
0.632000000000 0.835041082898
0.632500000000 0.834965557031
0.633000000000 0.834889846052
0.633500000000 0.834813948913
0.634000000000 0.834737864558
0.634500000000 0.834661591927
0.635000000000 0.834585129953
0.635500000000 0.834508477565
0.636000000000 0.834431633682
0.636500000000 0.834354597223
0.637000000000 0.834277367095
0.637500000000 0.834199942203
0.638000000000 0.834122321444
0.638500000000 0.834044503711
0.639000000000 0.833966487888
0.639500000000 0.833888272855
0.640000000000 0.833809857485
0.640500000000 0.833731240645
0.641000000000 0.833652421196
0.641500000000 0.833573397992
0.642000000000 0.833494169881
0.642500000000 0.833414735705
0.643000000000 0.833335094299
0.643500000000 0.833255244493
0.644000000000 0.833175185109
0.644500000000 0.833094914962
0.645000000000 0.833014432863
0.645500000000 0.832933737614
0.646000000000 0.832852828012
0.646500000000 0.832771702846
0.647000000000 0.832690360900
0.647500000000 0.832608800949
0.648000000000 0.832527021764
0.648500000000 0.832445022107
0.649000000000 0.832362800734
0.649500000000 0.832280356395
0.650000000000 0.832197687832
0.650500000000 0.832114793780
0.651000000000 0.832031672967
0.651500000000 0.831948324115
0.652000000000 0.831864745939
0.652500000000 0.831780937146
0.653000000000 0.831696896436
0.653500000000 0.831612622502
0.654000000000 0.831528114031
0.654500000000 0.831443369700
0.655000000000 0.831358388181
0.655500000000 0.831273168139
0.656000000000 0.831187708230
0.656500000000 0.831102007104
0.657000000000 0.831016063402
0.657500000000 0.830929875760
0.658000000000 0.830843442804
0.658500000000 0.830756763154
0.659000000000 0.830669835422
0.659500000000 0.830582658213
0.660000000000 0.830495230122
0.660500000000 0.830407549739
0.661000000000 0.830319615646
0.661500000000 0.830231426415
0.662000000000 0.830142980613
0.662500000000 0.830054276798
0.663000000000 0.829965313519
0.663500000000 0.829876089318
0.664000000000 0.829786602729
0.664500000000 0.829696852279
0.665000000000 0.829606836486
0.665500000000 0.829516553858
0.666000000000 0.829426002899
0.666500000000 0.829335182101
0.667000000000 0.829244089949
0.667500000000 0.829152724922
0.668000000000 0.829061085486
0.668500000000 0.828969170104
0.669000000000 0.828876977226
0.669500000000 0.828784505296
0.670000000000 0.828691752748
0.670500000000 0.828598718011
0.671000000000 0.828505399500
0.671500000000 0.828411795626
0.672000000000 0.828317904789
0.672500000000 0.828223725381
0.673000000000 0.828129255784
0.673500000000 0.828034494374
0.674000000000 0.827939439515
0.674500000000 0.827844089564
0.675000000000 0.827748442868
0.675500000000 0.827652497767
0.676000000000 0.827556252589
0.676500000000 0.827459705655
0.677000000000 0.827362855276
0.677500000000 0.827265699754
0.678000000000 0.827168237383
0.678500000000 0.827070466446
0.679000000000 0.826972385217
0.679500000000 0.826873991961
0.680000000000 0.826775284934
0.680500000000 0.826676262381
0.681000000000 0.826576922540
0.681500000000 0.826477263636
0.682000000000 0.826377283889
0.682500000000 0.826276981504
0.683000000000 0.826176354681
0.683500000000 0.826075401607
0.684000000000 0.825974120461
0.684500000000 0.825872509411
0.685000000000 0.825770566617
0.685500000000 0.825668290227
0.686000000000 0.825565678379
0.686500000000 0.825462729202
0.687000000000 0.825359440815
0.687500000000 0.825255811325
0.688000000000 0.825151838832
0.688500000000 0.825047521424
0.689000000000 0.824942857176
0.689500000000 0.824837844158
0.690000000000 0.824732480425
0.690500000000 0.824626764024
0.691000000000 0.824520692991
0.691500000000 0.824414265351
0.692000000000 0.824307479119
0.692500000000 0.824200332297
0.693000000000 0.824092822881
0.693500000000 0.823984948851
0.694000000000 0.823876708180
0.694500000000 0.823768098828
0.695000000000 0.823659118744
0.695500000000 0.823549765868
0.696000000000 0.823440038127
0.696500000000 0.823329933437
0.697000000000 0.823219449704
0.697500000000 0.823108584822
0.698000000000 0.822997336674
0.698500000000 0.822885703131
0.699000000000 0.822773682052
0.699500000000 0.822661271288
0.700000000000 0.822548468674
0.700500000000 0.822435272037
0.701000000000 0.822321679190
0.701500000000 0.822207687935
0.702000000000 0.822093296064
0.702500000000 0.821978501354
0.703000000000 0.821863301573
0.703500000000 0.821747694474
0.704000000000 0.821631677803
0.704500000000 0.821515249289
0.705000000000 0.821398406650
0.705500000000 0.821281147595
0.706000000000 0.821163469817
0.706500000000 0.821045370999
0.707000000000 0.820926848810
0.707500000000 0.820807900908
0.708000000000 0.820688524938
0.708500000000 0.820568718533
0.709000000000 0.820448479313
0.709500000000 0.820327804885
0.710000000000 0.820206692843
0.710500000000 0.820085140770
0.711000000000 0.819963146235
0.711500000000 0.819840706794
0.712000000000 0.819717819991
0.712500000000 0.819594483355
0.713000000000 0.819470694405
0.713500000000 0.819346450644
0.714000000000 0.819221749563
0.714500000000 0.819096588640
0.715000000000 0.818970965340
0.715500000000 0.818844877113
0.716000000000 0.818718321397
0.716500000000 0.818591295617
0.717000000000 0.818463797182
0.717500000000 0.818335823490
0.718000000000 0.818207371924
0.718500000000 0.818078439854
0.719000000000 0.817949024635
0.719500000000 0.817819123609
0.720000000000 0.817688734104
0.720500000000 0.817557853433
0.721000000000 0.817426478897
0.721500000000 0.817294607781
0.722000000000 0.817162237356
0.722500000000 0.817029364879
0.723000000000 0.816895987594
0.723500000000 0.816762102728
0.724000000000 0.816627707495
0.724500000000 0.816492799094
0.725000000000 0.816357374711
0.725500000000 0.816221431515
0.726000000000 0.816084966662
0.726500000000 0.815947977291
0.727000000000 0.815810460529
0.727500000000 0.815672413485
0.728000000000 0.815533833256
0.728500000000 0.815394716921
0.729000000000 0.815255061547
0.729500000000 0.815114864182
0.730000000000 0.814974121863
0.730500000000 0.814832831607
0.731000000000 0.814690990419
0.731500000000 0.814548595288
0.732000000000 0.814405643186
0.732500000000 0.814262131069
0.733000000000 0.814118055881
0.733500000000 0.813973414546
0.734000000000 0.813828203973
0.734500000000 0.813682421058
0.735000000000 0.813536062676
0.735500000000 0.813389125691
0.736000000000 0.813241606947
0.736500000000 0.813093503274
0.737000000000 0.812944811486
0.737500000000 0.812795528377
0.738000000000 0.812645650729
0.738500000000 0.812495175305
0.739000000000 0.812344098852
0.739500000000 0.812192418101
0.740000000000 0.812040129765
0.740500000000 0.811887230540
0.741000000000 0.811733717108
0.741500000000 0.811579586130
0.742000000000 0.811424834252
0.742500000000 0.811269458104
0.743000000000 0.811113454296
0.743500000000 0.810956819424
0.744000000000 0.810799550063
0.744500000000 0.810641642774
0.745000000000 0.810483094098
0.745500000000 0.810323900560
0.746000000000 0.810164058667
0.746500000000 0.810003564908
0.747000000000 0.809842415754
0.747500000000 0.809680607658
0.748000000000 0.809518137056
0.748500000000 0.809355000366
0.749000000000 0.809191193986
0.749500000000 0.809026714297
0.750000000000 0.808861557663
0.750500000000 0.808695720428
0.751000000000 0.808529198918
0.751500000000 0.808361989441
0.752000000000 0.808194088285
0.752500000000 0.808025491722
0.753000000000 0.807856196002
0.753500000000 0.807686197358
0.754000000000 0.807515492004
0.754500000000 0.807344076136
0.755000000000 0.807171945928
0.755500000000 0.806999097539
0.756000000000 0.806825527105
0.756500000000 0.806651230744
0.757000000000 0.806476204556
0.757500000000 0.806300444619
0.758000000000 0.806123946995
0.758500000000 0.805946707722
0.759000000000 0.805768722823
0.759500000000 0.805589988296
0.760000000000 0.805410500124
0.760500000000 0.805230254268
0.761000000000 0.805049246668
0.761500000000 0.804867473246
0.762000000000 0.804684929901
0.762500000000 0.804501612516
0.763000000000 0.804317516949
0.763500000000 0.804132639041
0.764000000000 0.803946974611
0.764500000000 0.803760519457
0.765000000000 0.803573269358
0.765500000000 0.803385220070
0.766000000000 0.803196367330
0.766500000000 0.803006706854
0.767000000000 0.802816234337
0.767500000000 0.802624945450
0.768000000000 0.802432835848
0.768500000000 0.802239901160
0.769000000000 0.802046136996
0.769500000000 0.801851538945
0.770000000000 0.801656102574
0.770500000000 0.801459823428
0.771000000000 0.801262697030
0.771500000000 0.801064718881
0.772000000000 0.800865884463
0.772500000000 0.800666189233
0.773000000000 0.800465628628
0.773500000000 0.800264198060
0.774000000000 0.800061892923
0.774500000000 0.799858708585
0.775000000000 0.799654640394
0.775500000000 0.799449683676
0.776000000000 0.799243833731
0.776500000000 0.799037085840
0.777000000000 0.798829435261
0.777500000000 0.798620877227
0.778000000000 0.798411406951
0.778500000000 0.798201019620
0.779000000000 0.797989710401
0.779500000000 0.797777474436
0.780000000000 0.797564306844
0.780500000000 0.797350202722
0.781000000000 0.797135157142
0.781500000000 0.796919165155
0.782000000000 0.796702221785
0.782500000000 0.796484322035
0.783000000000 0.796265460885
0.783500000000 0.796045633288
0.784000000000 0.795824834176
0.784500000000 0.795603058456
0.785000000000 0.795380301011
0.785500000000 0.795156556701
0.786000000000 0.794931820360
0.786500000000 0.794706086799
0.787000000000 0.794479350804
0.787500000000 0.794251607136
0.788000000000 0.794022850535
0.788500000000 0.793793075711
0.789000000000 0.793562277354
0.789500000000 0.793330450127
0.790000000000 0.793097588668
0.790500000000 0.792863687591
0.791000000000 0.792628741484
0.791500000000 0.792392744912
0.792000000000 0.792155692412
0.792500000000 0.791917578497
0.793000000000 0.791678397655
0.793500000000 0.791438144349
0.794000000000 0.791196813015
0.794500000000 0.790954398065
0.795000000000 0.790710893884
0.795500000000 0.790466294831
0.796000000000 0.790220595242
0.796500000000 0.789973789424
0.797000000000 0.789725871659
0.797500000000 0.789476836203
0.798000000000 0.789226677287
0.798500000000 0.788975389112
0.799000000000 0.788722965858
0.799500000000 0.788469401675
0.800000000000 0.788214690687
0.800500000000 0.787958826992
0.801000000000 0.787701804661
0.801500000000 0.787443617739
0.802000000000 0.787184260244
0.802500000000 0.786923726166
0.803000000000 0.786662009469
0.803500000000 0.786399104090
0.804000000000 0.786135003938
0.804500000000 0.785869702897
0.805000000000 0.785603194821
0.805500000000 0.785335473539
0.806000000000 0.785066532850
0.806500000000 0.784796366527
0.807000000000 0.784524968317
0.807500000000 0.784252331936
0.808000000000 0.783978451075
0.808500000000 0.783703319395
0.809000000000 0.783426930531
0.809500000000 0.783149278090
0.810000000000 0.782870355648
0.810500000000 0.782590156758
0.811000000000 0.782308674939
0.811500000000 0.782025903687
0.812000000000 0.781741836466
0.812500000000 0.781456466713
0.813000000000 0.781169787837
0.813500000000 0.780881793217
0.814000000000 0.780592476205
0.814500000000 0.780301830123
0.815000000000 0.780009848265
0.815500000000 0.779716523895
0.816000000000 0.779421850251
0.816500000000 0.779125820538
0.817000000000 0.778828427934
0.817500000000 0.778529665589
0.818000000000 0.778229526622
0.818500000000 0.777928004124
0.819000000000 0.777625091154
0.819500000000 0.777320780746
0.820000000000 0.777015065900
0.820500000000 0.776707939590
0.821000000000 0.776399394759
0.821500000000 0.776089424319
0.822000000000 0.775778021155
0.822500000000 0.775465178120
0.823000000000 0.775150888039
0.823500000000 0.774835143704
0.824000000000 0.774517937882
0.824500000000 0.774199263304
0.825000000000 0.773879112675
0.825500000000 0.773557478670
0.826000000000 0.773234353930
0.826500000000 0.772909731071
0.827000000000 0.772583602674
0.827500000000 0.772255961291
0.828000000000 0.771926799446
0.828500000000 0.771596109629
0.829000000000 0.771263884301
0.829500000000 0.770930115893
0.830000000000 0.770594796804
0.830500000000 0.770257919402
0.831000000000 0.769919476027
0.831500000000 0.769579458985
0.832000000000 0.769237860553
0.832500000000 0.768894672975
0.833000000000 0.768549888467
0.833500000000 0.768203499211
0.834000000000 0.767855497360
0.834500000000 0.767505875035
0.835000000000 0.767154624326
0.835500000000 0.766801737291
0.836000000000 0.766447205959
0.836500000000 0.766091022323
0.837000000000 0.765733178351
0.837500000000 0.765373665974
0.838000000000 0.765012477095
0.838500000000 0.764649603583
0.839000000000 0.764285037279
0.839500000000 0.763918769988
0.840000000000 0.763550793486
0.840500000000 0.763181099518
0.841000000000 0.762809679796
0.841500000000 0.762436525999
0.842000000000 0.762061629778
0.842500000000 0.761684982748
0.843000000000 0.761306576495
0.843500000000 0.760926402573
0.844000000000 0.760544452503
0.844500000000 0.760160717773
0.845000000000 0.759775189843
0.845500000000 0.759387860137
0.846000000000 0.758998720049
0.846500000000 0.758607760941
0.847000000000 0.758214974141
0.847500000000 0.757820350949
0.848000000000 0.757423882628
0.848500000000 0.757025560413
0.849000000000 0.756625375505
0.849500000000 0.756223319071
0.850000000000 0.755819382251
0.850500000000 0.755413556147
0.851000000000 0.755005831833
0.851500000000 0.754596200349
0.852000000000 0.754184652703
0.852500000000 0.753771179871
0.853000000000 0.753355772797
0.853500000000 0.752938422391
0.854000000000 0.752519119534
0.854500000000 0.752097855071
0.855000000000 0.751674619819
0.855500000000 0.751249404558
0.856000000000 0.750822200040
0.856500000000 0.750392996982
0.857000000000 0.749961786069
0.857500000000 0.749528557956
0.858000000000 0.749093303263
0.858500000000 0.748656012579
0.859000000000 0.748216676461
0.859500000000 0.747775285434
0.860000000000 0.747331829989
0.860500000000 0.746886300587
0.861000000000 0.746438687655
0.861500000000 0.745988981589
0.862000000000 0.745537172753
0.862500000000 0.745083251478
0.863000000000 0.744627208063
0.863500000000 0.744169032776
0.864000000000 0.743708715851
0.864500000000 0.743246247492
0.865000000000 0.742781617870
0.865500000000 0.742314817123
0.866000000000 0.741845835360
0.866500000000 0.741374662654
0.867000000000 0.740901289050
0.867500000000 0.740425704559
0.868000000000 0.739947899160
0.868500000000 0.739467862801
0.869000000000 0.738985585398
0.869500000000 0.738501056836
0.870000000000 0.738014266968
0.870500000000 0.737525205613
0.871000000000 0.737033862563
0.871500000000 0.736540227575
0.872000000000 0.736044290375
0.872500000000 0.735546040659
0.873000000000 0.735045468091
0.873500000000 0.734542562303
0.874000000000 0.734037312895
0.874500000000 0.733529709440
0.875000000000 0.733019741474
0.875500000000 0.732507398507
0.876000000000 0.731992670015
0.876500000000 0.731475545444
0.877000000000 0.730956014210
0.877500000000 0.730434065697
0.878000000000 0.729909689258
0.878500000000 0.729382874217
0.879000000000 0.728853609867
0.879500000000 0.728321885469
0.880000000000 0.727787690255
0.880500000000 0.727251013427
0.881000000000 0.726711844156
0.881500000000 0.726170171583
0.882000000000 0.725625984820
0.882500000000 0.725079272947
0.883000000000 0.724530025016
0.883500000000 0.723978230049
0.884000000000 0.723423877038
0.884500000000 0.722866954946
0.885000000000 0.722307452705
0.885500000000 0.721745359220
0.886000000000 0.721180663364
0.886500000000 0.720613353985
0.887000000000 0.720043419898
0.887500000000 0.719470849891
0.888000000000 0.718895632723
0.888500000000 0.718317757125
0.889000000000 0.717737211798
0.889500000000 0.717153985417
0.890000000000 0.716568066626
0.890500000000 0.715979444044
0.891000000000 0.715388106258
0.891500000000 0.714794041832
0.892000000000 0.714197239298
0.892500000000 0.713597687163
0.893000000000 0.712995373906
0.893500000000 0.712390287979
0.894000000000 0.711782417805
0.894500000000 0.711171751784
0.895000000000 0.710558278285
0.895500000000 0.709941985653
0.896000000000 0.709322862206
0.896500000000 0.708700896235
0.897000000000 0.708076076005
0.897500000000 0.707448389756
0.898000000000 0.706817825702
0.898500000000 0.706184372029
0.899000000000 0.705548016901
0.899500000000 0.704908748454
0.900000000000 0.704266554802
0.900500000000 0.703621424030
0.901000000000 0.702973344202
0.901500000000 0.702322303355
0.902000000000 0.701668289502
0.902500000000 0.701011290634
0.903000000000 0.700351294716
0.903500000000 0.699688289689
0.904000000000 0.699022263471
0.904500000000 0.698353203958
0.905000000000 0.697681099021
0.905500000000 0.697005936508
0.906000000000 0.696327704247
0.906500000000 0.695646390040
0.907000000000 0.694961981669
0.907500000000 0.694274466892
0.908000000000 0.693583833449
0.908500000000 0.692890069053
0.909000000000 0.692193161401
0.909500000000 0.691493098165
0.910000000000 0.690789866998
0.910500000000 0.690083455531
0.911000000000 0.689373851376
0.911500000000 0.688661042126
0.912000000000 0.687945015349
0.912500000000 0.687225758600
0.913000000000 0.686503259410
0.913500000000 0.685777505292
0.914000000000 0.685048483741
0.914500000000 0.684316182232
0.915000000000 0.683580588223
0.915500000000 0.682841689153
0.916000000000 0.682099472444
0.916500000000 0.681353925499
0.917000000000 0.680605035706
0.917500000000 0.679852790435
0.918000000000 0.679097177038
0.918500000000 0.678338182852
0.919000000000 0.677575795198
0.919500000000 0.676810001380
0.920000000000 0.676040788689
0.920500000000 0.675268144397
0.921000000000 0.674492055766
0.921500000000 0.673712510038
0.922000000000 0.672929494444
0.922500000000 0.672142996201
0.923000000000 0.671353002512
0.923500000000 0.670559500565
0.924000000000 0.669762477538
0.924500000000 0.668961920593
0.925000000000 0.668157816882
0.925500000000 0.667350153545
0.926000000000 0.666538917708
0.926500000000 0.665724096488
0.927000000000 0.664905676991
0.927500000000 0.664083646309
0.928000000000 0.663257991529
0.928500000000 0.662428699723
0.929000000000 0.661595757956
0.929500000000 0.660759153284
0.930000000000 0.659918872752
0.930500000000 0.659074903398
0.931000000000 0.658227232252
0.931500000000 0.657375846335
0.932000000000 0.656520732662
0.932500000000 0.655661878239
0.933000000000 0.654799270067
0.933500000000 0.653932895139
0.934000000000 0.653062740444
0.934500000000 0.652188792964
0.935000000000 0.651311039676
0.935500000000 0.650429467553
0.936000000000 0.649544063562
0.936500000000 0.648654814667
0.937000000000 0.647761707830
0.937500000000 0.646864730006
0.938000000000 0.645963868150
0.938500000000 0.645059109214
0.939000000000 0.644150440147
0.939500000000 0.643237847898
0.940000000000 0.642321319414
0.940500000000 0.641400841642
0.941000000000 0.640476401526
0.941500000000 0.639547986013
0.942000000000 0.638615582049
0.942500000000 0.637679176582
0.943000000000 0.636738756561
0.943500000000 0.635794308936
0.944000000000 0.634845820660
0.944500000000 0.633893278687
0.945000000000 0.632936669978
0.945500000000 0.631975981493
0.946000000000 0.631011200199
0.946500000000 0.630042313067
0.947000000000 0.629069307071
0.947500000000 0.628092169192
0.948000000000 0.627110886418
0.948500000000 0.626125445740
0.949000000000 0.625135834157
0.949500000000 0.624142038678
0.950000000000 0.623144046315
0.950500000000 0.622141844091
0.951000000000 0.621135419038
0.951500000000 0.620124758194
0.952000000000 0.619109848611
0.952500000000 0.618090677346
0.953000000000 0.617067231469
0.953500000000 0.616039498063
0.954000000000 0.615007464219
0.954500000000 0.613971117041
0.955000000000 0.612930443645
0.955500000000 0.611885431162
0.956000000000 0.610836066733
0.956500000000 0.609782337517
0.957000000000 0.608724230683
0.957500000000 0.607661733417
0.958000000000 0.606594832921
0.958500000000 0.605523516412
0.959000000000 0.604447771123
0.959500000000 0.603367584304
0.960000000000 0.602282943223
0.960500000000 0.601193835165
0.961000000000 0.600100247434
0.961500000000 0.599002167352
0.962000000000 0.597899582261
0.962500000000 0.596792479524
0.963000000000 0.595680846521
0.963500000000 0.594564670657
0.964000000000 0.593443939355
0.964500000000 0.592318640062
0.965000000000 0.591188760247
0.965500000000 0.590054287401
0.966000000000 0.588915209040
0.966500000000 0.587771512702
0.967000000000 0.586623185952
0.967500000000 0.585470216377
0.968000000000 0.584312591593
0.968500000000 0.583150299239
0.969000000000 0.581983326982
0.969500000000 0.580811662516
0.970000000000 0.579635293562
0.970500000000 0.578454207870
0.971000000000 0.577268393219
0.971500000000 0.576077837416
0.972000000000 0.574882528298
0.972500000000 0.573682453733
0.973000000000 0.572477601619
0.973500000000 0.571267959884
0.974000000000 0.570053516492
0.974500000000 0.568834259435
0.975000000000 0.567610176739
0.975500000000 0.566381256465
0.976000000000 0.565147486706
0.976500000000 0.563908855591
0.977000000000 0.562665351283
0.977500000000 0.561416961980
0.978000000000 0.560163675917
0.978500000000 0.558905481365
0.979000000000 0.557642366633
0.979500000000 0.556374320065
0.980000000000 0.555101330047
0.980500000000 0.553823385000
0.981000000000 0.552540473385
0.981500000000 0.551252583705
0.982000000000 0.549959704500
0.982500000000 0.548661824353
0.983000000000 0.547358931886
0.983500000000 0.546051015764
0.984000000000 0.544738064695
0.984500000000 0.543420067428
0.985000000000 0.542097012757
0.985500000000 0.540768889518
0.986000000000 0.539435686592
0.986500000000 0.538097392904
0.987000000000 0.536753997427
0.987500000000 0.535405489175
0.988000000000 0.534051857214
0.988500000000 0.532693090651
0.989000000000 0.531329178644
0.989500000000 0.529960110398
0.990000000000 0.528585875165
0.990500000000 0.527206462248
0.991000000000 0.525821860996
0.991500000000 0.524432060810
0.992000000000 0.523037051141
0.992500000000 0.521636821490
0.993000000000 0.520231361409
0.993500000000 0.518820660502
0.994000000000 0.517404708424
0.994500000000 0.515983494885
0.995000000000 0.514557009645
0.995500000000 0.513125242520
0.996000000000 0.511688183377
0.996500000000 0.510245822141
0.997000000000 0.508798148788
0.997500000000 0.507345153352
0.998000000000 0.505886825921
0.998500000000 0.504423156641
0.999000000000 0.502954135712
0.999500000000 0.501479753393
1.000000000000 0.500000000000
