0.000000000000 0.872271335941
0.001000000000 0.872168016934
0.002000000000 0.872064408507
0.003000000000 0.871960526776
0.004000000000 0.871856386911
0.005000000000 0.871752003199
0.006000000000 0.871647389094
0.007000000000 0.871542557276
0.008000000000 0.871437519693
0.009000000000 0.871332287613
0.010000000000 0.871226871659
0.011000000000 0.871121281854
0.012000000000 0.871015527653
0.013000000000 0.870909617980
0.014000000000 0.870803561258
0.015000000000 0.870697365439
0.016000000000 0.870591038033
0.017000000000 0.870484586133
0.018000000000 0.870378016438
0.019000000000 0.870271335280
0.020000000000 0.870164548639
0.021000000000 0.870057662169
0.022000000000 0.869950681214
0.023000000000 0.869843610824
0.024000000000 0.869736455778
0.025000000000 0.869629220589
0.026000000000 0.869521909530
0.027000000000 0.869414526640
0.028000000000 0.869307075739
0.029000000000 0.869199560443
0.030000000000 0.869091984171
0.031000000000 0.868984350158
0.032000000000 0.868876661465
0.033000000000 0.868768920990
0.034000000000 0.868661131475
0.035000000000 0.868553295515
0.036000000000 0.868445415565
0.037000000000 0.868337493950
0.038000000000 0.868229532872
0.039000000000 0.868121534414
0.040000000000 0.868013500547
0.041000000000 0.867905433141
0.042000000000 0.867797333963
0.043000000000 0.867689204688
0.044000000000 0.867581046900
0.045000000000 0.867472862101
0.046000000000 0.867364651714
0.047000000000 0.867256417084
0.048000000000 0.867148159487
0.049000000000 0.867039880130
0.050000000000 0.866931580158
0.051000000000 0.866823260653
0.052000000000 0.866714922643
0.053000000000 0.866606567098
0.054000000000 0.866498194941
0.055000000000 0.866389807043
0.056000000000 0.866281404231
0.057000000000 0.866172987286
0.058000000000 0.866064556952
0.059000000000 0.865956113930
0.060000000000 0.865847658886
0.061000000000 0.865739192450
0.062000000000 0.865630715219
0.063000000000 0.865522227761
0.064000000000 0.865413730610
0.065000000000 0.865305224275
0.066000000000 0.865196709238
0.067000000000 0.865088185954
0.068000000000 0.864979654855
0.069000000000 0.864871116351
0.070000000000 0.864762570831
0.071000000000 0.864654018660
0.072000000000 0.864545460189
0.073000000000 0.864436895747
0.074000000000 0.864328325646
0.075000000000 0.864219750184
0.076000000000 0.864111169640
0.077000000000 0.864002584282
0.078000000000 0.863893994361
0.079000000000 0.863785400116
0.080000000000 0.863676801774
0.081000000000 0.863568199549
0.082000000000 0.863459593645
0.083000000000 0.863350984255
0.084000000000 0.863242371560
0.085000000000 0.863133755735
0.086000000000 0.863025136943
0.087000000000 0.862916515339
0.088000000000 0.862807891071
0.089000000000 0.862699264279
0.090000000000 0.862590635094
0.091000000000 0.862482003643
0.092000000000 0.862373370044
0.093000000000 0.862264734409
0.094000000000 0.862156096846
0.095000000000 0.862047457455
0.096000000000 0.861938816332
0.097000000000 0.861830173569
0.098000000000 0.861721529251
0.099000000000 0.861612883460
0.100000000000 0.861504236273
0.101000000000 0.861395587763
0.102000000000 0.861286938000
0.103000000000 0.861178287051
0.104000000000 0.861069634976
0.105000000000 0.860960981836
0.106000000000 0.860852327686
0.107000000000 0.860743672580
0.108000000000 0.860635016567
0.109000000000 0.860526359697
0.110000000000 0.860417702012
0.111000000000 0.860309043558
0.112000000000 0.860200384374
0.113000000000 0.860091724499
0.114000000000 0.859983063969
0.115000000000 0.859874402819
0.116000000000 0.859765741081
0.117000000000 0.859657078788
0.118000000000 0.859548415967
0.119000000000 0.859439752648
0.120000000000 0.859331088856
0.121000000000 0.859222424617
0.122000000000 0.859113759954
0.123000000000 0.859005094891
0.124000000000 0.858896429447
0.125000000000 0.858787763645
0.126000000000 0.858679097502
0.127000000000 0.858570431036
0.128000000000 0.858461764267
0.129000000000 0.858353097208
0.130000000000 0.858244429877
0.131000000000 0.858135762287
0.132000000000 0.858027094453
0.133000000000 0.857918426387
0.134000000000 0.857809758103
0.135000000000 0.857701089612
0.136000000000 0.857592420926
0.137000000000 0.857483752054
0.138000000000 0.857375083007
0.139000000000 0.857266413796
0.140000000000 0.857157744427
0.141000000000 0.857049074911
0.142000000000 0.856940405256
0.143000000000 0.856831735469
0.144000000000 0.856723065557
0.145000000000 0.856614395528
0.146000000000 0.856505725387
0.147000000000 0.856397055142
0.148000000000 0.856288384798
0.149000000000 0.856179714361
0.150000000000 0.856071043836
0.151000000000 0.855962373228
0.152000000000 0.855853702542
0.153000000000 0.855745031782
0.154000000000 0.855636360953
0.155000000000 0.855527690059
0.156000000000 0.855419019103
0.157000000000 0.855310348089
0.158000000000 0.855201677021
0.159000000000 0.855093005903
0.160000000000 0.854984334736
0.161000000000 0.854875663524
0.162000000000 0.854766992270
0.163000000000 0.854658320977
0.164000000000 0.854549649646
0.165000000000 0.854440978281
0.166000000000 0.854332306884
0.167000000000 0.854223635456
0.168000000000 0.854114964001
0.169000000000 0.854006292518
0.170000000000 0.853897621012
0.171000000000 0.853788949483
0.172000000000 0.853680277932
0.173000000000 0.853571606363
0.174000000000 0.853462934775
0.175000000000 0.853354263170
0.176000000000 0.853245591550
0.177000000000 0.853136919916
0.178000000000 0.853028248269
0.179000000000 0.852919576611
0.180000000000 0.852810904941
0.181000000000 0.852702233262
0.182000000000 0.852593561575
0.183000000000 0.852484889879
0.184000000000 0.852376218177
0.185000000000 0.852267546468
0.186000000000 0.852158874754
0.187000000000 0.852050203035
0.188000000000 0.851941531313
0.189000000000 0.851832859587
0.190000000000 0.851724187859
0.191000000000 0.851615516128
0.192000000000 0.851506844397
0.193000000000 0.851398172664
0.194000000000 0.851289500931
0.195000000000 0.851180829197
0.196000000000 0.851072157465
0.197000000000 0.850963485733
0.198000000000 0.850854814003
0.199000000000 0.850746142274
0.200000000000 0.850637470548
0.201000000000 0.850528798824
0.202000000000 0.850420127102
0.203000000000 0.850311455384
0.204000000000 0.850202783669
0.205000000000 0.850094111958
0.206000000000 0.849985440251
0.207000000000 0.849876768548
0.208000000000 0.849768096850
0.209000000000 0.849659425156
0.210000000000 0.849550753467
0.211000000000 0.849442081784
0.212000000000 0.849333410105
0.213000000000 0.849224738432
0.214000000000 0.849116066765
0.215000000000 0.849007395104
0.216000000000 0.848898723448
0.217000000000 0.848790051799
0.218000000000 0.848681380156
0.219000000000 0.848572708519
0.220000000000 0.848464036889
0.221000000000 0.848355365266
0.222000000000 0.848246693649
0.223000000000 0.848138022039
0.224000000000 0.848029350436
0.225000000000 0.847920678841
0.226000000000 0.847812007252
0.227000000000 0.847703335671
0.228000000000 0.847594664097
0.229000000000 0.847485992531
0.230000000000 0.847377320972
0.231000000000 0.847268649420
0.232000000000 0.847159977877
0.233000000000 0.847051306341
0.234000000000 0.846942634813
0.235000000000 0.846833963292
0.236000000000 0.846725291780
0.237000000000 0.846616620275
0.238000000000 0.846507948779
0.239000000000 0.846399277290
0.240000000000 0.846290605810
0.241000000000 0.846181934338
0.242000000000 0.846073262874
0.243000000000 0.845964591418
0.244000000000 0.845855919970
0.245000000000 0.845747248531
0.246000000000 0.845638577100
0.247000000000 0.845529905677
0.248000000000 0.845421234263
0.249000000000 0.845312562857
0.250000000000 0.845203891460
0.251000000000 0.845095220071
0.252000000000 0.844986548691
0.253000000000 0.844877877319
0.254000000000 0.844769205955
0.255000000000 0.844660534601
0.256000000000 0.844551863254
0.257000000000 0.844443191917
0.258000000000 0.844334520588
0.259000000000 0.844225849267
0.260000000000 0.844117177956
0.261000000000 0.844008506653
0.262000000000 0.843899835358
0.263000000000 0.843791164073
0.264000000000 0.843682492796
0.265000000000 0.843573821527
0.266000000000 0.843465150268
0.267000000000 0.843356479017
0.268000000000 0.843247807775
0.269000000000 0.843139136542
0.270000000000 0.843030465318
0.271000000000 0.842921794102
0.272000000000 0.842813122895
0.273000000000 0.842704451697
0.274000000000 0.842595780508
0.275000000000 0.842487109328
0.276000000000 0.842378438156
0.277000000000 0.842269766993
0.278000000000 0.842161095840
0.279000000000 0.842052424695
0.280000000000 0.841943753559
0.281000000000 0.841835082432
0.282000000000 0.841726411313
0.283000000000 0.841617740204
0.284000000000 0.841509069103
0.285000000000 0.841400398012
0.286000000000 0.841291726929
0.287000000000 0.841183055855
0.288000000000 0.841074384791
0.289000000000 0.840965713735
0.290000000000 0.840857042688
0.291000000000 0.840748371650
0.292000000000 0.840639700621
0.293000000000 0.840531029600
0.294000000000 0.840422358589
0.295000000000 0.840313687587
0.296000000000 0.840205016594
0.297000000000 0.840096345609
0.298000000000 0.839987674634
0.299000000000 0.839879003668
0.300000000000 0.839770332710
0.301000000000 0.839661661762
0.302000000000 0.839552990822
0.303000000000 0.839444319892
0.304000000000 0.839335648970
0.305000000000 0.839226978058
0.306000000000 0.839118307154
0.307000000000 0.839009636260
0.308000000000 0.838900965374
0.309000000000 0.838792294498
0.310000000000 0.838683623631
0.311000000000 0.838574952772
0.312000000000 0.838466281923
0.313000000000 0.838357611082
0.314000000000 0.838248940251
0.315000000000 0.838140269428
0.316000000000 0.838031598615
0.317000000000 0.837922927811
0.318000000000 0.837814257015
0.319000000000 0.837705586229
0.320000000000 0.837596915452
0.321000000000 0.837488244684
0.322000000000 0.837379573925
0.323000000000 0.837270903175
0.324000000000 0.837162232434
0.325000000000 0.837053561702
0.326000000000 0.836944890979
0.327000000000 0.836836220265
0.328000000000 0.836727549560
0.329000000000 0.836618878864
0.330000000000 0.836510208178
0.331000000000 0.836401537500
0.332000000000 0.836292866831
0.333000000000 0.836184196172
0.334000000000 0.836075525521
0.335000000000 0.835966854880
0.336000000000 0.835858184248
0.337000000000 0.835749513625
0.338000000000 0.835640843011
0.339000000000 0.835532172406
0.340000000000 0.835423501810
0.341000000000 0.835314831223
0.342000000000 0.835206160645
0.343000000000 0.835097490076
0.344000000000 0.834988819517
0.345000000000 0.834880148966
0.346000000000 0.834771478425
0.347000000000 0.834662807893
0.348000000000 0.834554137369
0.349000000000 0.834445466855
0.350000000000 0.834336796350
0.351000000000 0.834228125855
0.352000000000 0.834119455368
0.353000000000 0.834010784890
0.354000000000 0.833902114422
0.355000000000 0.833793443962
0.356000000000 0.833684773512
0.357000000000 0.833576103071
0.358000000000 0.833467432639
0.359000000000 0.833358762216
0.360000000000 0.833250091802
0.361000000000 0.833141421398
0.362000000000 0.833032751002
0.363000000000 0.832924080616
0.364000000000 0.832815410239
0.365000000000 0.832706739871
0.366000000000 0.832598069512
0.367000000000 0.832489399162
0.368000000000 0.832380728821
0.369000000000 0.832272058490
0.370000000000 0.832163388167
0.371000000000 0.832054717854
0.372000000000 0.831946047550
0.373000000000 0.831837377255
0.374000000000 0.831728706970
0.375000000000 0.831620036693
0.376000000000 0.831511366426
0.377000000000 0.831402696168
0.378000000000 0.831294025919
0.379000000000 0.831185355679
0.380000000000 0.831076685448
0.381000000000 0.830968015227
0.382000000000 0.830859345014
0.383000000000 0.830750674811
0.384000000000 0.830642004617
0.385000000000 0.830533334432
0.386000000000 0.830424664257
0.387000000000 0.830315994090
0.388000000000 0.830207323933
0.389000000000 0.830098653785
0.390000000000 0.829989983646
0.391000000000 0.829881313516
0.392000000000 0.829772643396
0.393000000000 0.829663973285
0.394000000000 0.829555303183
0.395000000000 0.829446633090
0.396000000000 0.829337963006
0.397000000000 0.829229292932
0.398000000000 0.829120622867
0.399000000000 0.829011952810
0.400000000000 0.828903282764
0.401000000000 0.828794612726
0.402000000000 0.828685942698
0.403000000000 0.828577272679
0.404000000000 0.828468602669
0.405000000000 0.828359932668
0.406000000000 0.828251262677
0.407000000000 0.828142592694
0.408000000000 0.828033922721
0.409000000000 0.827925252758
0.410000000000 0.827816582803
0.411000000000 0.827707912858
0.412000000000 0.827599242922
0.413000000000 0.827490572995
0.414000000000 0.827381903077
0.415000000000 0.827273233169
0.416000000000 0.827164563270
0.417000000000 0.827055893380
0.418000000000 0.826947223500
0.419000000000 0.826838553628
0.420000000000 0.826729883766
0.421000000000 0.826621213914
0.422000000000 0.826512544070
0.423000000000 0.826403874236
0.424000000000 0.826295204411
0.425000000000 0.826186534595
0.426000000000 0.826077864789
0.427000000000 0.825969194991
0.428000000000 0.825860525204
0.429000000000 0.825751855425
0.430000000000 0.825643185656
0.431000000000 0.825534515896
0.432000000000 0.825425846145
0.433000000000 0.825317176403
0.434000000000 0.825208506671
0.435000000000 0.825099836948
0.436000000000 0.824991167235
0.437000000000 0.824882497530
0.438000000000 0.824773827835
0.439000000000 0.824665158149
0.440000000000 0.824556488473
0.441000000000 0.824447818806
0.442000000000 0.824339149148
0.443000000000 0.824230479499
0.444000000000 0.824121809860
0.445000000000 0.824013140230
0.446000000000 0.823904470610
0.447000000000 0.823795800998
0.448000000000 0.823687131397
0.449000000000 0.823578461804
0.450000000000 0.823469792221
0.451000000000 0.823361122647
0.452000000000 0.823252453082
0.453000000000 0.823143783527
0.454000000000 0.823035113981
0.455000000000 0.822926444444
0.456000000000 0.822817774917
0.457000000000 0.822709105399
0.458000000000 0.822600435890
0.459000000000 0.822491766391
0.460000000000 0.822383096901
0.461000000000 0.822274427420
0.462000000000 0.822165757949
0.463000000000 0.822057088487
0.464000000000 0.821948419034
0.465000000000 0.821839749591
0.466000000000 0.821731080157
0.467000000000 0.821622410733
0.468000000000 0.821513741317
0.469000000000 0.821405071912
0.470000000000 0.821296402515
0.471000000000 0.821187733128
0.472000000000 0.821079063751
0.473000000000 0.820970394382
0.474000000000 0.820861725023
0.475000000000 0.820753055674
0.476000000000 0.820644386334
0.477000000000 0.820535717003
0.478000000000 0.820427047681
0.479000000000 0.820318378369
0.480000000000 0.820209709067
0.481000000000 0.820101039773
0.482000000000 0.819992370489
0.483000000000 0.819883701215
0.484000000000 0.819775031950
0.485000000000 0.819666362694
0.486000000000 0.819557693448
0.487000000000 0.819449024211
0.488000000000 0.819340354984
0.489000000000 0.819231685765
0.490000000000 0.819123016557
0.491000000000 0.819014347358
0.492000000000 0.818905678168
0.493000000000 0.818797008987
0.494000000000 0.818688339816
0.495000000000 0.818579670655
0.496000000000 0.818471001503
0.497000000000 0.818362332360
0.498000000000 0.818253663226
0.499000000000 0.818144994103
0.500000000000 0.818036324988
0.501000000000 0.817927655883
0.502000000000 0.817818986788
0.503000000000 0.817710317701
0.504000000000 0.817601648625
0.505000000000 0.817492979557
0.506000000000 0.817384310500
0.507000000000 0.817275641451
0.508000000000 0.817166972412
0.509000000000 0.817058303383
0.510000000000 0.816949634363
0.511000000000 0.816840965352
0.512000000000 0.816732296351
0.513000000000 0.816623627359
0.514000000000 0.816514958377
0.515000000000 0.816406289404
0.516000000000 0.816297620441
0.517000000000 0.816188951487
0.518000000000 0.816080282543
0.519000000000 0.815971613608
0.520000000000 0.815862944683
0.521000000000 0.815754275767
0.522000000000 0.815645606860
0.523000000000 0.815536937963
0.524000000000 0.815428269076
0.525000000000 0.815319600198
0.526000000000 0.815210931329
0.527000000000 0.815102262470
0.528000000000 0.814993593621
0.529000000000 0.814884924781
0.530000000000 0.814776255950
0.531000000000 0.814667587129
0.532000000000 0.814558918318
0.533000000000 0.814450249516
0.534000000000 0.814341580723
0.535000000000 0.814232911940
0.536000000000 0.814124243167
0.537000000000 0.814015574403
0.538000000000 0.813906905648
0.539000000000 0.813798236903
0.540000000000 0.813689568168
0.541000000000 0.813580899442
0.542000000000 0.813472230726
0.543000000000 0.813363562019
0.544000000000 0.813254893321
0.545000000000 0.813146224634
0.546000000000 0.813037555955
0.547000000000 0.812928887287
0.548000000000 0.812820218627
0.549000000000 0.812711549978
0.550000000000 0.812602881338
0.551000000000 0.812494212707
0.552000000000 0.812385544086
0.553000000000 0.812276875475
0.554000000000 0.812168206873
0.555000000000 0.812059538280
0.556000000000 0.811950869697
0.557000000000 0.811842201124
0.558000000000 0.811733532560
0.559000000000 0.811624864006
0.560000000000 0.811516195462
0.561000000000 0.811407526927
0.562000000000 0.811298858401
0.563000000000 0.811190189885
0.564000000000 0.811081521379
0.565000000000 0.810972852882
0.566000000000 0.810864184395
0.567000000000 0.810755515917
0.568000000000 0.810646847449
0.569000000000 0.810538178991
0.570000000000 0.810429510542
0.571000000000 0.810320842103
0.572000000000 0.810212173673
0.573000000000 0.810103505253
0.574000000000 0.809994836843
0.575000000000 0.809886168442
0.576000000000 0.809777500051
0.577000000000 0.809668831669
0.578000000000 0.809560163297
0.579000000000 0.809451494934
0.580000000000 0.809342826582
0.581000000000 0.809234158238
0.582000000000 0.809125489905
0.583000000000 0.809016821581
0.584000000000 0.808908153266
0.585000000000 0.808799484961
0.586000000000 0.808690816666
0.587000000000 0.808582148381
0.588000000000 0.808473480105
0.589000000000 0.808364811839
0.590000000000 0.808256143582
0.591000000000 0.808147475335
0.592000000000 0.808038807097
0.593000000000 0.807930138870
0.594000000000 0.807821470652
0.595000000000 0.807712802443
0.596000000000 0.807604134244
0.597000000000 0.807495466055
0.598000000000 0.807386797876
0.599000000000 0.807278129706
0.600000000000 0.807169461546
0.601000000000 0.807060793395
0.602000000000 0.806952125254
0.603000000000 0.806843457123
0.604000000000 0.806734789001
0.605000000000 0.806626120889
0.606000000000 0.806517452787
0.607000000000 0.806408784695
0.608000000000 0.806300116612
0.609000000000 0.806191448538
0.610000000000 0.806082780475
0.611000000000 0.805974112421
0.612000000000 0.805865444377
0.613000000000 0.805756776342
0.614000000000 0.805648108317
0.615000000000 0.805539440302
0.616000000000 0.805430772297
0.617000000000 0.805322104301
0.618000000000 0.805213436315
0.619000000000 0.805104768339
0.620000000000 0.804996100372
0.621000000000 0.804887432415
0.622000000000 0.804778764468
0.623000000000 0.804670096530
0.624000000000 0.804561428602
0.625000000000 0.804452760684
0.626000000000 0.804344092776
0.627000000000 0.804235424877
0.628000000000 0.804126756988
0.629000000000 0.804018089109
0.630000000000 0.803909421239
0.631000000000 0.803800753379
0.632000000000 0.803692085529
0.633000000000 0.803583417689
0.634000000000 0.803474749858
0.635000000000 0.803366082037
0.636000000000 0.803257414226
0.637000000000 0.803148746425
0.638000000000 0.803040078633
0.639000000000 0.802931410851
0.640000000000 0.802822743079
0.641000000000 0.802714075316
0.642000000000 0.802605407564
0.643000000000 0.802496739821
0.644000000000 0.802388072088
0.645000000000 0.802279404364
0.646000000000 0.802170736650
0.647000000000 0.802062068947
0.648000000000 0.801953401252
0.649000000000 0.801844733568
0.650000000000 0.801736065893
0.651000000000 0.801627398228
0.652000000000 0.801518730573
0.653000000000 0.801410062928
0.654000000000 0.801301395293
0.655000000000 0.801192727667
0.656000000000 0.801084060051
0.657000000000 0.800975392445
0.658000000000 0.800866724848
0.659000000000 0.800758057262
0.660000000000 0.800649389685
0.661000000000 0.800540722118
0.662000000000 0.800432054561
0.663000000000 0.800323387013
0.664000000000 0.800214719475
0.665000000000 0.800106051948
0.666000000000 0.799997384430
0.667000000000 0.799888716921
0.668000000000 0.799780049423
0.669000000000 0.799671381934
0.670000000000 0.799562714456
0.671000000000 0.799454046987
0.672000000000 0.799345379528
0.673000000000 0.799236712078
0.674000000000 0.799128044639
0.675000000000 0.799019377209
0.676000000000 0.798910709789
0.677000000000 0.798802042379
0.678000000000 0.798693374979
0.679000000000 0.798584707589
0.680000000000 0.798476040208
0.681000000000 0.798367372837
0.682000000000 0.798258705477
0.683000000000 0.798150038126
0.684000000000 0.798041370785
0.685000000000 0.797932703453
0.686000000000 0.797824036132
0.687000000000 0.797715368820
0.688000000000 0.797606701519
0.689000000000 0.797498034227
0.690000000000 0.797389366945
0.691000000000 0.797280699672
0.692000000000 0.797172032410
0.693000000000 0.797063365158
0.694000000000 0.796954697915
0.695000000000 0.796846030683
0.696000000000 0.796737363460
0.697000000000 0.796628696247
0.698000000000 0.796520029044
0.699000000000 0.796411361851
0.700000000000 0.796302694667
0.701000000000 0.796194027494
0.702000000000 0.796085360331
0.703000000000 0.795976693177
0.704000000000 0.795868026033
0.705000000000 0.795759358899
0.706000000000 0.795650691776
0.707000000000 0.795542024662
0.708000000000 0.795433357557
0.709000000000 0.795324690463
0.710000000000 0.795216023379
0.711000000000 0.795107356305
0.712000000000 0.794998689240
0.713000000000 0.794890022185
0.714000000000 0.794781355141
0.715000000000 0.794672688106
0.716000000000 0.794564021081
0.717000000000 0.794455354066
0.718000000000 0.794346687061
0.719000000000 0.794238020066
0.720000000000 0.794129353081
0.721000000000 0.794020686106
0.722000000000 0.793912019141
0.723000000000 0.793803352186
0.724000000000 0.793694685240
0.725000000000 0.793586018305
0.726000000000 0.793477351379
0.727000000000 0.793368684464
0.728000000000 0.793260017558
0.729000000000 0.793151350663
0.730000000000 0.793042683777
0.731000000000 0.792934016901
0.732000000000 0.792825350035
0.733000000000 0.792716683180
0.734000000000 0.792608016334
0.735000000000 0.792499349498
0.736000000000 0.792390682672
0.737000000000 0.792282015856
0.738000000000 0.792173349050
0.739000000000 0.792064682254
0.740000000000 0.791956015468
0.741000000000 0.791847348692
0.742000000000 0.791738681926
0.743000000000 0.791630015170
0.744000000000 0.791521348424
0.745000000000 0.791412681688
0.746000000000 0.791304014961
0.747000000000 0.791195348245
0.748000000000 0.791086681539
0.749000000000 0.790978014843
0.750000000000 0.790869348157
0.751000000000 0.790760681480
0.752000000000 0.790652014814
0.753000000000 0.790543348158
0.754000000000 0.790434681512
0.755000000000 0.790326014876
0.756000000000 0.790217348249
0.757000000000 0.790108681633
0.758000000000 0.790000015027
0.759000000000 0.789891348431
0.760000000000 0.789782681845
0.761000000000 0.789674015269
0.762000000000 0.789565348702
0.763000000000 0.789456682146
0.764000000000 0.789348015600
0.765000000000 0.789239349064
0.766000000000 0.789130682538
0.767000000000 0.789022016022
0.768000000000 0.788913349516
0.769000000000 0.788804683020
0.770000000000 0.788696016534
0.771000000000 0.788587350058
0.772000000000 0.788478683592
0.773000000000 0.788370017136
0.774000000000 0.788261350690
0.775000000000 0.788152684254
0.776000000000 0.788044017828
0.777000000000 0.787935351412
0.778000000000 0.787826685007
0.779000000000 0.787718018611
0.780000000000 0.787609352225
0.781000000000 0.787500685849
0.782000000000 0.787392019484
0.783000000000 0.787283353128
0.784000000000 0.787174686782
0.785000000000 0.787066020446
0.786000000000 0.786957354121
0.787000000000 0.786848687805
0.788000000000 0.786740021500
0.789000000000 0.786631355204
0.790000000000 0.786522688918
0.791000000000 0.786414022643
0.792000000000 0.786305356377
0.793000000000 0.786196690122
0.794000000000 0.786088023876
0.795000000000 0.785979357641
0.796000000000 0.785870691415
0.797000000000 0.785762025200
0.798000000000 0.785653358994
0.799000000000 0.785544692799
0.800000000000 0.785436026613
0.801000000000 0.785327360437
0.802000000000 0.785218694272
0.803000000000 0.785110028116
0.804000000000 0.785001361970
0.805000000000 0.784892695834
0.806000000000 0.784784029709
0.807000000000 0.784675363593
0.808000000000 0.784566697487
0.809000000000 0.784458031391
0.810000000000 0.784349365304
0.811000000000 0.784240699228
0.812000000000 0.784132033162
0.813000000000 0.784023367105
0.814000000000 0.783914701059
0.815000000000 0.783806035022
0.816000000000 0.783697368995
0.817000000000 0.783588702978
0.818000000000 0.783480036970
0.819000000000 0.783371370973
0.820000000000 0.783262704985
0.821000000000 0.783154039007
0.822000000000 0.783045373038
0.823000000000 0.782936707080
0.824000000000 0.782828041131
0.825000000000 0.782719375191
0.826000000000 0.782610709262
0.827000000000 0.782502043342
0.828000000000 0.782393377431
0.829000000000 0.782284711530
0.830000000000 0.782176045639
0.831000000000 0.782067379757
0.832000000000 0.781958713884
0.833000000000 0.781850048021
0.834000000000 0.781741382167
0.835000000000 0.781632716323
0.836000000000 0.781524050488
0.837000000000 0.781415384662
0.838000000000 0.781306718845
0.839000000000 0.781198053037
0.840000000000 0.781089387239
0.841000000000 0.780980721449
0.842000000000 0.780872055669
0.843000000000 0.780763389897
0.844000000000 0.780654724134
0.845000000000 0.780546058380
0.846000000000 0.780437392635
0.847000000000 0.780328726898
0.848000000000 0.780220061170
0.849000000000 0.780111395450
0.850000000000 0.780002729738
0.851000000000 0.779894064035
0.852000000000 0.779785398340
0.853000000000 0.779676732652
0.854000000000 0.779568066973
0.855000000000 0.779459401301
0.856000000000 0.779350735638
0.857000000000 0.779242069981
0.858000000000 0.779133404332
0.859000000000 0.779024738690
0.860000000000 0.778916073056
0.861000000000 0.778807407428
0.862000000000 0.778698741806
0.863000000000 0.778590076192
0.864000000000 0.778481410584
0.865000000000 0.778372744981
0.866000000000 0.778264079385
0.867000000000 0.778155413794
0.868000000000 0.778046748209
0.869000000000 0.777938082629
0.870000000000 0.777829417054
0.871000000000 0.777720751484
0.872000000000 0.777612085918
0.873000000000 0.777503420356
0.874000000000 0.777394754797
0.875000000000 0.777286089242
0.876000000000 0.777177423690
0.877000000000 0.777068758141
0.878000000000 0.776960092594
0.879000000000 0.776851427048
0.880000000000 0.776742761504
0.881000000000 0.776634095961
0.882000000000 0.776525430418
0.883000000000 0.776416764875
0.884000000000 0.776308099331
0.885000000000 0.776199433786
0.886000000000 0.776090768239
0.887000000000 0.775982102690
0.888000000000 0.775873437137
0.889000000000 0.775764771580
0.890000000000 0.775656106019
0.891000000000 0.775547440452
0.892000000000 0.775438774879
0.893000000000 0.775330109298
0.894000000000 0.775221443710
0.895000000000 0.775112778112
0.896000000000 0.775004112504
0.897000000000 0.774895446885
0.898000000000 0.774786781254
0.899000000000 0.774678115610
0.900000000000 0.774569449950
0.901000000000 0.774460784274
0.902000000000 0.774352118581
0.903000000000 0.774243452869
0.904000000000 0.774134787137
0.905000000000 0.774026121382
0.906000000000 0.773917455604
0.907000000000 0.773808789800
0.908000000000 0.773700123968
0.909000000000 0.773591458107
0.910000000000 0.773482792215
0.911000000000 0.773374126288
0.912000000000 0.773265460325
0.913000000000 0.773156794324
0.914000000000 0.773048128282
0.915000000000 0.772939462196
0.916000000000 0.772830796063
0.917000000000 0.772722129880
0.918000000000 0.772613463644
0.919000000000 0.772504797352
0.920000000000 0.772396131001
0.921000000000 0.772287464586
0.922000000000 0.772178798103
0.923000000000 0.772070131550
0.924000000000 0.771961464920
0.925000000000 0.771852798211
0.926000000000 0.771744131416
0.927000000000 0.771635464531
0.928000000000 0.771526797551
0.929000000000 0.771418130470
0.930000000000 0.771309463283
0.931000000000 0.771200795982
0.932000000000 0.771092128563
0.933000000000 0.770983461017
0.934000000000 0.770874793337
0.935000000000 0.770766125517
0.936000000000 0.770657457548
0.937000000000 0.770548789422
0.938000000000 0.770440121129
0.939000000000 0.770331452661
0.940000000000 0.770222784008
0.941000000000 0.770114115160
0.942000000000 0.770005446105
0.943000000000 0.769896776833
0.944000000000 0.769788107331
0.945000000000 0.769679437587
0.946000000000 0.769570767588
0.947000000000 0.769462097319
0.948000000000 0.769353426766
0.949000000000 0.769244755913
0.950000000000 0.769136084744
0.951000000000 0.769027413242
0.952000000000 0.768918741389
0.953000000000 0.768810069166
0.954000000000 0.768701396552
0.955000000000 0.768592723528
0.956000000000 0.768484050070
0.957000000000 0.768375376155
0.958000000000 0.768266701760
0.959000000000 0.768158026857
0.960000000000 0.768049351420
0.961000000000 0.767940675420
0.962000000000 0.767831998827
0.963000000000 0.767723321610
0.964000000000 0.767614643734
0.965000000000 0.767505965166
0.966000000000 0.767397285868
0.967000000000 0.767288605800
0.968000000000 0.767179924923
0.969000000000 0.767071243193
0.970000000000 0.766962560565
0.971000000000 0.766853876991
0.972000000000 0.766745192421
0.973000000000 0.766636506802
0.974000000000 0.766527820079
0.975000000000 0.766419132192
0.976000000000 0.766310443081
0.977000000000 0.766201752680
0.978000000000 0.766093060922
0.979000000000 0.765984367734
0.980000000000 0.765875673040
0.981000000000 0.765766976763
0.982000000000 0.765658278817
0.983000000000 0.765549579114
0.984000000000 0.765440877563
0.985000000000 0.765332174065
0.986000000000 0.765223468517
0.987000000000 0.765114760812
0.988000000000 0.765006050836
0.989000000000 0.764897338469
0.990000000000 0.764788623585
0.991000000000 0.764679906051
0.992000000000 0.764571185728
0.993000000000 0.764462462470
0.994000000000 0.764353736121
0.995000000000 0.764245006518
0.996000000000 0.764136273492
0.997000000000 0.764027536860
0.998000000000 0.763918796435
0.999000000000 0.763810052016
1.000000000000 0.763701303392
