0.000000000000 0.894614848540
0.001000000000 0.894529603076
0.002000000000 0.894444118780
0.003000000000 0.894358408922
0.004000000000 0.894272486000
0.005000000000 0.894186361793
0.006000000000 0.894100047400
0.007000000000 0.894013553287
0.008000000000 0.893926889319
0.009000000000 0.893840064806
0.010000000000 0.893753088526
0.011000000000 0.893665968764
0.012000000000 0.893578713340
0.013000000000 0.893491329635
0.014000000000 0.893403824616
0.015000000000 0.893316204865
0.016000000000 0.893228476596
0.017000000000 0.893140645679
0.018000000000 0.893052717660
0.019000000000 0.892964697779
0.020000000000 0.892876590988
0.021000000000 0.892788401965
0.022000000000 0.892700135134
0.023000000000 0.892611794677
0.024000000000 0.892523384546
0.025000000000 0.892434908478
0.026000000000 0.892346370007
0.027000000000 0.892257772476
0.028000000000 0.892169119045
0.029000000000 0.892080412703
0.030000000000 0.891991656278
0.031000000000 0.891902852445
0.032000000000 0.891814003734
0.033000000000 0.891725112539
0.034000000000 0.891636181125
0.035000000000 0.891547211635
0.036000000000 0.891458206098
0.037000000000 0.891369166432
0.038000000000 0.891280094453
0.039000000000 0.891190991881
0.040000000000 0.891101860341
0.041000000000 0.891012701374
0.042000000000 0.890923516436
0.043000000000 0.890834306907
0.044000000000 0.890745074093
0.045000000000 0.890655819229
0.046000000000 0.890566543486
0.047000000000 0.890477247971
0.048000000000 0.890387933733
0.049000000000 0.890298601765
0.050000000000 0.890209253005
0.051000000000 0.890119888345
0.052000000000 0.890030508627
0.053000000000 0.889941114648
0.054000000000 0.889851707163
0.055000000000 0.889762286889
0.056000000000 0.889672854502
0.057000000000 0.889583410642
0.058000000000 0.889493955919
0.059000000000 0.889404490906
0.060000000000 0.889315016147
0.061000000000 0.889225532160
0.062000000000 0.889136039431
0.063000000000 0.889046538423
0.064000000000 0.888957029574
0.065000000000 0.888867513299
0.066000000000 0.888777989990
0.067000000000 0.888688460020
0.068000000000 0.888598923740
0.069000000000 0.888509381484
0.070000000000 0.888419833569
0.071000000000 0.888330280292
0.072000000000 0.888240721938
0.073000000000 0.888151158775
0.074000000000 0.888061591058
0.075000000000 0.887972019026
0.076000000000 0.887882442908
0.077000000000 0.887792862920
0.078000000000 0.887703279267
0.079000000000 0.887613692141
0.080000000000 0.887524101728
0.081000000000 0.887434508200
0.082000000000 0.887344911722
0.083000000000 0.887255312450
0.084000000000 0.887165710531
0.085000000000 0.887076106107
0.086000000000 0.886986499308
0.087000000000 0.886896890261
0.088000000000 0.886807279084
0.089000000000 0.886717665891
0.090000000000 0.886628050787
0.091000000000 0.886538433874
0.092000000000 0.886448815247
0.093000000000 0.886359194997
0.094000000000 0.886269573211
0.095000000000 0.886179949968
0.096000000000 0.886090325347
0.097000000000 0.886000699420
0.098000000000 0.885911072256
0.099000000000 0.885821443921
0.100000000000 0.885731814477
0.101000000000 0.885642183983
0.102000000000 0.885552552494
0.103000000000 0.885462920063
0.104000000000 0.885373286739
0.105000000000 0.885283652571
0.106000000000 0.885194017603
0.107000000000 0.885104381878
0.108000000000 0.885014745435
0.109000000000 0.884925108312
0.110000000000 0.884835470547
0.111000000000 0.884745832172
0.112000000000 0.884656193221
0.113000000000 0.884566553724
0.114000000000 0.884476913710
0.115000000000 0.884387273207
0.116000000000 0.884297632240
0.117000000000 0.884207990835
0.118000000000 0.884118349014
0.119000000000 0.884028706800
0.120000000000 0.883939064215
0.121000000000 0.883849421277
0.122000000000 0.883759778005
0.123000000000 0.883670134419
0.124000000000 0.883580490533
0.125000000000 0.883490846365
0.126000000000 0.883401201930
0.127000000000 0.883311557241
0.128000000000 0.883221912313
0.129000000000 0.883132267159
0.130000000000 0.883042621790
0.131000000000 0.882952976219
0.132000000000 0.882863330455
0.133000000000 0.882773684511
0.134000000000 0.882684038395
0.135000000000 0.882594392116
0.136000000000 0.882504745684
0.137000000000 0.882415099108
0.138000000000 0.882325452394
0.139000000000 0.882235805550
0.140000000000 0.882146158584
0.141000000000 0.882056511503
0.142000000000 0.881966864312
0.143000000000 0.881877217018
0.144000000000 0.881787569626
0.145000000000 0.881697922142
0.146000000000 0.881608274571
0.147000000000 0.881518626918
0.148000000000 0.881428979187
0.149000000000 0.881339331384
0.150000000000 0.881249683511
0.151000000000 0.881160035573
0.152000000000 0.881070387574
0.153000000000 0.880980739518
0.154000000000 0.880891091406
0.155000000000 0.880801443244
0.156000000000 0.880711795033
0.157000000000 0.880622146776
0.158000000000 0.880532498477
0.159000000000 0.880442850138
0.160000000000 0.880353201760
0.161000000000 0.880263553347
0.162000000000 0.880173904901
0.163000000000 0.880084256424
0.164000000000 0.879994607917
0.165000000000 0.879904959382
0.166000000000 0.879815310822
0.167000000000 0.879725662238
0.168000000000 0.879636013631
0.169000000000 0.879546365003
0.170000000000 0.879456716355
0.171000000000 0.879367067689
0.172000000000 0.879277419005
0.173000000000 0.879187770306
0.174000000000 0.879098121593
0.175000000000 0.879008472865
0.176000000000 0.878918824125
0.177000000000 0.878829175373
0.178000000000 0.878739526610
0.179000000000 0.878649877838
0.180000000000 0.878560229056
0.181000000000 0.878470580266
0.182000000000 0.878380931468
0.183000000000 0.878291282664
0.184000000000 0.878201633853
0.185000000000 0.878111985037
0.186000000000 0.878022336215
0.187000000000 0.877932687390
0.188000000000 0.877843038560
0.189000000000 0.877753389727
0.190000000000 0.877663740891
0.191000000000 0.877574092052
0.192000000000 0.877484443211
0.193000000000 0.877394794369
0.194000000000 0.877305145526
0.195000000000 0.877215496681
0.196000000000 0.877125847836
0.197000000000 0.877036198991
0.198000000000 0.876946550146
0.199000000000 0.876856901301
0.200000000000 0.876767252457
0.201000000000 0.876677603614
0.202000000000 0.876587954772
0.203000000000 0.876498305932
0.204000000000 0.876408657093
0.205000000000 0.876319008256
0.206000000000 0.876229359421
0.207000000000 0.876139710588
0.208000000000 0.876050061758
0.209000000000 0.875960412930
0.210000000000 0.875870764105
0.211000000000 0.875781115283
0.212000000000 0.875691466464
0.213000000000 0.875601817648
0.214000000000 0.875512168836
0.215000000000 0.875422520027
0.216000000000 0.875332871222
0.217000000000 0.875243222420
0.218000000000 0.875153573622
0.219000000000 0.875063924828
0.220000000000 0.874974276038
0.221000000000 0.874884627252
0.222000000000 0.874794978471
0.223000000000 0.874705329693
0.224000000000 0.874615680920
0.225000000000 0.874526032152
0.226000000000 0.874436383387
0.227000000000 0.874346734628
0.228000000000 0.874257085873
0.229000000000 0.874167437122
0.230000000000 0.874077788376
0.231000000000 0.873988139636
0.232000000000 0.873898490899
0.233000000000 0.873808842168
0.234000000000 0.873719193442
0.235000000000 0.873629544721
0.236000000000 0.873539896004
0.237000000000 0.873450247293
0.238000000000 0.873360598587
0.239000000000 0.873270949886
0.240000000000 0.873181301190
0.241000000000 0.873091652499
0.242000000000 0.873002003813
0.243000000000 0.872912355133
0.244000000000 0.872822706458
0.245000000000 0.872733057788
0.246000000000 0.872643409123
0.247000000000 0.872553760464
0.248000000000 0.872464111810
0.249000000000 0.872374463162
0.250000000000 0.872284814519
0.251000000000 0.872195165881
0.252000000000 0.872105517249
0.253000000000 0.872015868622
0.254000000000 0.871926220001
0.255000000000 0.871836571385
0.256000000000 0.871746922775
0.257000000000 0.871657274170
0.258000000000 0.871567625571
0.259000000000 0.871477976977
0.260000000000 0.871388328389
0.261000000000 0.871298679806
0.262000000000 0.871209031229
0.263000000000 0.871119382658
0.264000000000 0.871029734092
0.265000000000 0.870940085532
0.266000000000 0.870850436977
0.267000000000 0.870760788428
0.268000000000 0.870671139885
0.269000000000 0.870581491347
0.270000000000 0.870491842815
0.271000000000 0.870402194288
0.272000000000 0.870312545767
0.273000000000 0.870222897252
0.274000000000 0.870133248743
0.275000000000 0.870043600239
0.276000000000 0.869953951741
0.277000000000 0.869864303248
0.278000000000 0.869774654761
0.279000000000 0.869685006280
0.280000000000 0.869595357805
0.281000000000 0.869505709335
0.282000000000 0.869416060871
0.283000000000 0.869326412413
0.284000000000 0.869236763961
0.285000000000 0.869147115514
0.286000000000 0.869057467073
0.287000000000 0.868967818637
0.288000000000 0.868878170208
0.289000000000 0.868788521784
0.290000000000 0.868698873366
0.291000000000 0.868609224953
0.292000000000 0.868519576546
0.293000000000 0.868429928145
0.294000000000 0.868340279750
0.295000000000 0.868250631361
0.296000000000 0.868160982977
0.297000000000 0.868071334599
0.298000000000 0.867981686227
0.299000000000 0.867892037861
0.300000000000 0.867802389500
0.301000000000 0.867712741145
0.302000000000 0.867623092796
0.303000000000 0.867533444453
0.304000000000 0.867443796115
0.305000000000 0.867354147784
0.306000000000 0.867264499458
0.307000000000 0.867174851137
0.308000000000 0.867085202823
0.309000000000 0.866995554514
0.310000000000 0.866905906211
0.311000000000 0.866816257914
0.312000000000 0.866726609623
0.313000000000 0.866636961338
0.314000000000 0.866547313058
0.315000000000 0.866457664784
0.316000000000 0.866368016516
0.317000000000 0.866278368254
0.318000000000 0.866188719997
0.319000000000 0.866099071746
0.320000000000 0.866009423501
0.321000000000 0.865919775262
0.322000000000 0.865830127029
0.323000000000 0.865740478801
0.324000000000 0.865650830580
0.325000000000 0.865561182364
0.326000000000 0.865471534154
0.327000000000 0.865381885950
0.328000000000 0.865292237751
0.329000000000 0.865202589558
0.330000000000 0.865112941372
0.331000000000 0.865023293191
0.332000000000 0.864933645015
0.333000000000 0.864843996846
0.334000000000 0.864754348683
0.335000000000 0.864664700525
0.336000000000 0.864575052373
0.337000000000 0.864485404227
0.338000000000 0.864395756087
0.339000000000 0.864306107952
0.340000000000 0.864216459824
0.341000000000 0.864126811701
0.342000000000 0.864037163584
0.343000000000 0.863947515473
0.344000000000 0.863857867367
0.345000000000 0.863768219268
0.346000000000 0.863678571174
0.347000000000 0.863588923087
0.348000000000 0.863499275005
0.349000000000 0.863409626929
0.350000000000 0.863319978858
0.351000000000 0.863230330794
0.352000000000 0.863140682735
0.353000000000 0.863051034683
0.354000000000 0.862961386636
0.355000000000 0.862871738595
0.356000000000 0.862782090559
0.357000000000 0.862692442530
0.358000000000 0.862602794507
0.359000000000 0.862513146489
0.360000000000 0.862423498477
0.361000000000 0.862333850471
0.362000000000 0.862244202471
0.363000000000 0.862154554477
0.364000000000 0.862064906488
0.365000000000 0.861975258506
0.366000000000 0.861885610529
0.367000000000 0.861795962558
0.368000000000 0.861706314593
0.369000000000 0.861616666634
0.370000000000 0.861527018681
0.371000000000 0.861437370734
0.372000000000 0.861347722792
0.373000000000 0.861258074857
0.374000000000 0.861168426927
0.375000000000 0.861078779003
0.376000000000 0.860989131085
0.377000000000 0.860899483173
0.378000000000 0.860809835266
0.379000000000 0.860720187366
0.380000000000 0.860630539471
0.381000000000 0.860540891583
0.382000000000 0.860451243700
0.383000000000 0.860361595823
0.384000000000 0.860271947952
0.385000000000 0.860182300087
0.386000000000 0.860092652227
0.387000000000 0.860003004374
0.388000000000 0.859913356527
0.389000000000 0.859823708685
0.390000000000 0.859734060849
0.391000000000 0.859644413019
0.392000000000 0.859554765195
0.393000000000 0.859465117377
0.394000000000 0.859375469565
0.395000000000 0.859285821759
0.396000000000 0.859196173958
0.397000000000 0.859106526164
0.398000000000 0.859016878375
0.399000000000 0.858927230592
0.400000000000 0.858837582815
0.401000000000 0.858747935044
0.402000000000 0.858658287279
0.403000000000 0.858568639520
0.404000000000 0.858478991767
0.405000000000 0.858389344019
0.406000000000 0.858299696278
0.407000000000 0.858210048542
0.408000000000 0.858120400813
0.409000000000 0.858030753089
0.410000000000 0.857941105371
0.411000000000 0.857851457659
0.412000000000 0.857761809953
0.413000000000 0.857672162253
0.414000000000 0.857582514558
0.415000000000 0.857492866870
0.416000000000 0.857403219188
0.417000000000 0.857313571511
0.418000000000 0.857223923841
0.419000000000 0.857134276176
0.420000000000 0.857044628517
0.421000000000 0.856954980864
0.422000000000 0.856865333217
0.423000000000 0.856775685576
0.424000000000 0.856686037941
0.425000000000 0.856596390312
0.426000000000 0.856506742689
0.427000000000 0.856417095072
0.428000000000 0.856327447460
0.429000000000 0.856237799855
0.430000000000 0.856148152255
0.431000000000 0.856058504661
0.432000000000 0.855968857074
0.433000000000 0.855879209492
0.434000000000 0.855789561916
0.435000000000 0.855699914346
0.436000000000 0.855610266782
0.437000000000 0.855520619224
0.438000000000 0.855430971672
0.439000000000 0.855341324126
0.440000000000 0.855251676586
0.441000000000 0.855162029052
0.442000000000 0.855072381523
0.443000000000 0.854982734001
0.444000000000 0.854893086484
0.445000000000 0.854803438974
0.446000000000 0.854713791469
0.447000000000 0.854624143971
0.448000000000 0.854534496478
0.449000000000 0.854444848991
0.450000000000 0.854355201510
0.451000000000 0.854265554036
0.452000000000 0.854175906567
0.453000000000 0.854086259104
0.454000000000 0.853996611647
0.455000000000 0.853906964196
0.456000000000 0.853817316751
0.457000000000 0.853727669312
0.458000000000 0.853638021879
0.459000000000 0.853548374451
0.460000000000 0.853458727030
0.461000000000 0.853369079615
0.462000000000 0.853279432205
0.463000000000 0.853189784802
0.464000000000 0.853100137405
0.465000000000 0.853010490013
0.466000000000 0.852920842628
0.467000000000 0.852831195248
0.468000000000 0.852741547875
0.469000000000 0.852651900507
0.470000000000 0.852562253146
0.471000000000 0.852472605790
0.472000000000 0.852382958440
0.473000000000 0.852293311097
0.474000000000 0.852203663759
0.475000000000 0.852114016427
0.476000000000 0.852024369102
0.477000000000 0.851934721782
0.478000000000 0.851845074468
0.479000000000 0.851755427160
0.480000000000 0.851665779859
0.481000000000 0.851576132563
0.482000000000 0.851486485273
0.483000000000 0.851396837989
0.484000000000 0.851307190711
0.485000000000 0.851217543439
0.486000000000 0.851127896173
0.487000000000 0.851038248913
0.488000000000 0.850948601659
0.489000000000 0.850858954412
0.490000000000 0.850769307170
0.491000000000 0.850679659934
0.492000000000 0.850590012704
0.493000000000 0.850500365480
0.494000000000 0.850410718262
0.495000000000 0.850321071050
0.496000000000 0.850231423844
0.497000000000 0.850141776644
0.498000000000 0.850052129450
0.499000000000 0.849962482262
0.500000000000 0.849872835080
0.501000000000 0.849783187904
0.502000000000 0.849693540734
0.503000000000 0.849603893570
0.504000000000 0.849514246412
0.505000000000 0.849424599260
0.506000000000 0.849334952114
0.507000000000 0.849245304974
0.508000000000 0.849155657841
0.509000000000 0.849066010713
0.510000000000 0.848976363591
0.511000000000 0.848886716475
0.512000000000 0.848797069365
0.513000000000 0.848707422261
0.514000000000 0.848617775164
0.515000000000 0.848528128072
0.516000000000 0.848438480986
0.517000000000 0.848348833906
0.518000000000 0.848259186833
0.519000000000 0.848169539765
0.520000000000 0.848079892703
0.521000000000 0.847990245648
0.522000000000 0.847900598598
0.523000000000 0.847810951554
0.524000000000 0.847721304517
0.525000000000 0.847631657485
0.526000000000 0.847542010460
0.527000000000 0.847452363441
0.528000000000 0.847362716427
0.529000000000 0.847273069420
0.530000000000 0.847183422418
0.531000000000 0.847093775423
0.532000000000 0.847004128434
0.533000000000 0.846914481451
0.534000000000 0.846824834473
0.535000000000 0.846735187502
0.536000000000 0.846645540537
0.537000000000 0.846555893578
0.538000000000 0.846466246625
0.539000000000 0.846376599678
0.540000000000 0.846286952737
0.541000000000 0.846197305802
0.542000000000 0.846107658874
0.543000000000 0.846018011951
0.544000000000 0.845928365034
0.545000000000 0.845838718124
0.546000000000 0.845749071219
0.547000000000 0.845659424320
0.548000000000 0.845569777428
0.549000000000 0.845480130541
0.550000000000 0.845390483661
0.551000000000 0.845300836787
0.552000000000 0.845211189919
0.553000000000 0.845121543056
0.554000000000 0.845031896200
0.555000000000 0.844942249350
0.556000000000 0.844852602506
0.557000000000 0.844762955668
0.558000000000 0.844673308836
0.559000000000 0.844583662011
0.560000000000 0.844494015191
0.561000000000 0.844404368377
0.562000000000 0.844314721570
0.563000000000 0.844225074768
0.564000000000 0.844135427973
0.565000000000 0.844045781184
0.566000000000 0.843956134400
0.567000000000 0.843866487623
0.568000000000 0.843776840852
0.569000000000 0.843687194087
0.570000000000 0.843597547328
0.571000000000 0.843507900575
0.572000000000 0.843418253828
0.573000000000 0.843328607088
0.574000000000 0.843238960353
0.575000000000 0.843149313625
0.576000000000 0.843059666902
0.577000000000 0.842970020186
0.578000000000 0.842880373476
0.579000000000 0.842790726771
0.580000000000 0.842701080073
0.581000000000 0.842611433381
0.582000000000 0.842521786695
0.583000000000 0.842432140016
0.584000000000 0.842342493342
0.585000000000 0.842252846674
0.586000000000 0.842163200013
0.587000000000 0.842073553358
0.588000000000 0.841983906708
0.589000000000 0.841894260065
0.590000000000 0.841804613428
0.591000000000 0.841714966797
0.592000000000 0.841625320172
0.593000000000 0.841535673553
0.594000000000 0.841446026941
0.595000000000 0.841356380334
0.596000000000 0.841266733734
0.597000000000 0.841177087140
0.598000000000 0.841087440551
0.599000000000 0.840997793969
0.600000000000 0.840908147393
0.601000000000 0.840818500823
0.602000000000 0.840728854260
0.603000000000 0.840639207702
0.604000000000 0.840549561151
0.605000000000 0.840459914605
0.606000000000 0.840370268066
0.607000000000 0.840280621533
0.608000000000 0.840190975006
0.609000000000 0.840101328485
0.610000000000 0.840011681970
0.611000000000 0.839922035462
0.612000000000 0.839832388959
0.613000000000 0.839742742463
0.614000000000 0.839653095973
0.615000000000 0.839563449488
0.616000000000 0.839473803011
0.617000000000 0.839384156539
0.618000000000 0.839294510073
0.619000000000 0.839204863613
0.620000000000 0.839115217160
0.621000000000 0.839025570713
0.622000000000 0.838935924272
0.623000000000 0.838846277837
0.624000000000 0.838756631408
0.625000000000 0.838666984985
0.626000000000 0.838577338569
0.627000000000 0.838487692158
0.628000000000 0.838398045754
0.629000000000 0.838308399356
0.630000000000 0.838218752964
0.631000000000 0.838129106578
0.632000000000 0.838039460198
0.633000000000 0.837949813825
0.634000000000 0.837860167458
0.635000000000 0.837770521096
0.636000000000 0.837680874741
0.637000000000 0.837591228392
0.638000000000 0.837501582050
0.639000000000 0.837411935713
0.640000000000 0.837322289383
0.641000000000 0.837232643059
0.642000000000 0.837142996740
0.643000000000 0.837053350429
0.644000000000 0.836963704123
0.645000000000 0.836874057823
0.646000000000 0.836784411530
0.647000000000 0.836694765243
0.648000000000 0.836605118962
0.649000000000 0.836515472687
0.650000000000 0.836425826418
0.651000000000 0.836336180155
0.652000000000 0.836246533899
0.653000000000 0.836156887649
0.654000000000 0.836067241405
0.655000000000 0.835977595167
0.656000000000 0.835887948935
0.657000000000 0.835798302710
0.658000000000 0.835708656491
0.659000000000 0.835619010278
0.660000000000 0.835529364071
0.661000000000 0.835439717870
0.662000000000 0.835350071675
0.663000000000 0.835260425487
0.664000000000 0.835170779305
0.665000000000 0.835081133129
0.666000000000 0.834991486959
0.667000000000 0.834901840796
0.668000000000 0.834812194638
0.669000000000 0.834722548487
0.670000000000 0.834632902342
0.671000000000 0.834543256203
0.672000000000 0.834453610071
0.673000000000 0.834363963944
0.674000000000 0.834274317824
0.675000000000 0.834184671710
0.676000000000 0.834095025602
0.677000000000 0.834005379501
0.678000000000 0.833915733405
0.679000000000 0.833826087316
0.680000000000 0.833736441233
0.681000000000 0.833646795156
0.682000000000 0.833557149086
0.683000000000 0.833467503021
0.684000000000 0.833377856963
0.685000000000 0.833288210911
0.686000000000 0.833198564866
0.687000000000 0.833108918826
0.688000000000 0.833019272793
0.689000000000 0.832929626766
0.690000000000 0.832839980745
0.691000000000 0.832750334730
0.692000000000 0.832660688722
0.693000000000 0.832571042720
0.694000000000 0.832481396724
0.695000000000 0.832391750734
0.696000000000 0.832302104751
0.697000000000 0.832212458774
0.698000000000 0.832122812803
0.699000000000 0.832033166838
0.700000000000 0.831943520879
0.701000000000 0.831853874927
0.702000000000 0.831764228981
0.703000000000 0.831674583041
0.704000000000 0.831584937107
0.705000000000 0.831495291180
0.706000000000 0.831405645259
0.707000000000 0.831315999344
0.708000000000 0.831226353435
0.709000000000 0.831136707533
0.710000000000 0.831047061637
0.711000000000 0.830957415747
0.712000000000 0.830867769863
0.713000000000 0.830778123986
0.714000000000 0.830688478115
0.715000000000 0.830598832250
0.716000000000 0.830509186391
0.717000000000 0.830419540539
0.718000000000 0.830329894693
0.719000000000 0.830240248853
0.720000000000 0.830150603019
0.721000000000 0.830060957192
0.722000000000 0.829971311371
0.723000000000 0.829881665556
0.724000000000 0.829792019747
0.725000000000 0.829702373945
0.726000000000 0.829612728149
0.727000000000 0.829523082359
0.728000000000 0.829433436576
0.729000000000 0.829343790799
0.730000000000 0.829254145028
0.731000000000 0.829164499263
0.732000000000 0.829074853505
0.733000000000 0.828985207752
0.734000000000 0.828895562007
0.735000000000 0.828805916267
0.736000000000 0.828716270534
0.737000000000 0.828626624807
0.738000000000 0.828536979086
0.739000000000 0.828447333372
0.740000000000 0.828357687664
0.741000000000 0.828268041962
0.742000000000 0.828178396266
0.743000000000 0.828088750577
0.744000000000 0.827999104894
0.745000000000 0.827909459217
0.746000000000 0.827819813547
0.747000000000 0.827730167883
0.748000000000 0.827640522225
0.749000000000 0.827550876574
0.750000000000 0.827461230929
0.751000000000 0.827371585290
0.752000000000 0.827281939657
0.753000000000 0.827192294031
0.754000000000 0.827102648411
0.755000000000 0.827013002798
0.756000000000 0.826923357191
0.757000000000 0.826833711590
0.758000000000 0.826744065995
0.759000000000 0.826654420407
0.760000000000 0.826564774825
0.761000000000 0.826475129250
0.762000000000 0.826385483680
0.763000000000 0.826295838118
0.764000000000 0.826206192561
0.765000000000 0.826116547011
0.766000000000 0.826026901467
0.767000000000 0.825937255930
0.768000000000 0.825847610399
0.769000000000 0.825757964874
0.770000000000 0.825668319356
0.771000000000 0.825578673844
0.772000000000 0.825489028338
0.773000000000 0.825399382839
0.774000000000 0.825309737346
0.775000000000 0.825220091860
0.776000000000 0.825130446379
0.777000000000 0.825040800906
0.778000000000 0.824951155439
0.779000000000 0.824861509978
0.780000000000 0.824771864523
0.781000000000 0.824682219076
0.782000000000 0.824592573634
0.783000000000 0.824502928199
0.784000000000 0.824413282770
0.785000000000 0.824323637348
0.786000000000 0.824233991932
0.787000000000 0.824144346523
0.788000000000 0.824054701120
0.789000000000 0.823965055724
0.790000000000 0.823875410334
0.791000000000 0.823785764951
0.792000000000 0.823696119574
0.793000000000 0.823606474204
0.794000000000 0.823516828841
0.795000000000 0.823427183483
0.796000000000 0.823337538133
0.797000000000 0.823247892789
0.798000000000 0.823158247452
0.799000000000 0.823068602121
0.800000000000 0.822978956797
0.801000000000 0.822889311479
0.802000000000 0.822799666168
0.803000000000 0.822710020864
0.804000000000 0.822620375567
0.805000000000 0.822530730276
0.806000000000 0.822441084992
0.807000000000 0.822351439714
0.808000000000 0.822261794444
0.809000000000 0.822172149180
0.810000000000 0.822082503923
0.811000000000 0.821992858673
0.812000000000 0.821903213430
0.813000000000 0.821813568194
0.814000000000 0.821723922964
0.815000000000 0.821634277742
0.816000000000 0.821544632526
0.817000000000 0.821454987318
0.818000000000 0.821365342117
0.819000000000 0.821275696923
0.820000000000 0.821186051735
0.821000000000 0.821096406556
0.822000000000 0.821006761383
0.823000000000 0.820917116218
0.824000000000 0.820827471060
0.825000000000 0.820737825909
0.826000000000 0.820648180766
0.827000000000 0.820558535630
0.828000000000 0.820468890502
0.829000000000 0.820379245382
0.830000000000 0.820289600269
0.831000000000 0.820199955164
0.832000000000 0.820110310067
0.833000000000 0.820020664977
0.834000000000 0.819931019896
0.835000000000 0.819841374823
0.836000000000 0.819751729758
0.837000000000 0.819662084701
0.838000000000 0.819572439653
0.839000000000 0.819482794613
0.840000000000 0.819393149582
0.841000000000 0.819303504560
0.842000000000 0.819213859546
0.843000000000 0.819124214542
0.844000000000 0.819034569546
0.845000000000 0.818944924560
0.846000000000 0.818855279583
0.847000000000 0.818765634616
0.848000000000 0.818675989659
0.849000000000 0.818586344711
0.850000000000 0.818496699774
0.851000000000 0.818407054847
0.852000000000 0.818317409931
0.853000000000 0.818227765025
0.854000000000 0.818138120130
0.855000000000 0.818048475247
0.856000000000 0.817958830375
0.857000000000 0.817869185516
0.858000000000 0.817779540668
0.859000000000 0.817689895832
0.860000000000 0.817600251010
0.861000000000 0.817510606200
0.862000000000 0.817420961404
0.863000000000 0.817331316622
0.864000000000 0.817241671853
0.865000000000 0.817152027100
0.866000000000 0.817062382361
0.867000000000 0.816972737639
0.868000000000 0.816883092932
0.869000000000 0.816793448241
0.870000000000 0.816703803568
0.871000000000 0.816614158913
0.872000000000 0.816524514275
0.873000000000 0.816434869657
0.874000000000 0.816345225058
0.875000000000 0.816255580480
0.876000000000 0.816165935922
0.877000000000 0.816076291387
0.878000000000 0.815986646874
0.879000000000 0.815897002384
0.880000000000 0.815807357919
0.881000000000 0.815717713480
0.882000000000 0.815628069067
0.883000000000 0.815538424681
0.884000000000 0.815448780324
0.885000000000 0.815359135997
0.886000000000 0.815269491701
0.887000000000 0.815179847437
0.888000000000 0.815090203207
0.889000000000 0.815000559013
0.890000000000 0.814910914855
0.891000000000 0.814821270736
0.892000000000 0.814731626657
0.893000000000 0.814641982619
0.894000000000 0.814552338626
0.895000000000 0.814462694679
0.896000000000 0.814373050780
0.897000000000 0.814283406931
0.898000000000 0.814193763135
0.899000000000 0.814104119394
0.900000000000 0.814014475711
0.901000000000 0.813924832088
0.902000000000 0.813835188528
0.903000000000 0.813745545035
0.904000000000 0.813655901612
0.905000000000 0.813566258262
0.906000000000 0.813476614988
0.907000000000 0.813386971795
0.908000000000 0.813297328686
0.909000000000 0.813207685666
0.910000000000 0.813118042739
0.911000000000 0.813028399909
0.912000000000 0.812938757182
0.913000000000 0.812849114563
0.914000000000 0.812759472056
0.915000000000 0.812669829669
0.916000000000 0.812580187406
0.917000000000 0.812490545275
0.918000000000 0.812400903282
0.919000000000 0.812311261433
0.920000000000 0.812221619737
0.921000000000 0.812131978202
0.922000000000 0.812042336835
0.923000000000 0.811952695645
0.924000000000 0.811863054641
0.925000000000 0.811773413833
0.926000000000 0.811683773232
0.927000000000 0.811594132847
0.928000000000 0.811504492691
0.929000000000 0.811414852775
0.930000000000 0.811325213111
0.931000000000 0.811235573713
0.932000000000 0.811145934595
0.933000000000 0.811056295771
0.934000000000 0.810966657257
0.935000000000 0.810877019070
0.936000000000 0.810787381225
0.937000000000 0.810697743742
0.938000000000 0.810608106639
0.939000000000 0.810518469936
0.940000000000 0.810428833655
0.941000000000 0.810339197818
0.942000000000 0.810249562448
0.943000000000 0.810159927569
0.944000000000 0.810070293209
0.945000000000 0.809980659394
0.946000000000 0.809891026153
0.947000000000 0.809801393517
0.948000000000 0.809711761517
0.949000000000 0.809622130188
0.950000000000 0.809532499565
0.951000000000 0.809442869685
0.952000000000 0.809353240589
0.953000000000 0.809263612317
0.954000000000 0.809173984914
0.955000000000 0.809084358425
0.956000000000 0.808994732900
0.957000000000 0.808905108389
0.958000000000 0.808815484947
0.959000000000 0.808725862630
0.960000000000 0.808636241499
0.961000000000 0.808546621616
0.962000000000 0.808457003049
0.963000000000 0.808367385866
0.964000000000 0.808277770143
0.965000000000 0.808188155956
0.966000000000 0.808098543389
0.967000000000 0.808008932526
0.968000000000 0.807919323459
0.969000000000 0.807829716284
0.970000000000 0.807740111101
0.971000000000 0.807650508018
0.972000000000 0.807560907145
0.973000000000 0.807471308602
0.974000000000 0.807381712512
0.975000000000 0.807292119006
0.976000000000 0.807202528222
0.977000000000 0.807112940305
0.978000000000 0.807023355409
0.979000000000 0.806933773695
0.980000000000 0.806844195332
0.981000000000 0.806754620500
0.982000000000 0.806665049387
0.983000000000 0.806575482191
0.984000000000 0.806485919121
0.985000000000 0.806396360398
0.986000000000 0.806306806254
0.987000000000 0.806217256934
0.988000000000 0.806127712694
0.989000000000 0.806038173805
0.990000000000 0.805948640554
0.991000000000 0.805859113242
0.992000000000 0.805769592185
0.993000000000 0.805680077716
0.994000000000 0.805590570188
0.995000000000 0.805501069971
0.996000000000 0.805411577454
0.997000000000 0.805322093049
0.998000000000 0.805232617188
0.999000000000 0.805143150327
1.000000000000 0.805053692945
