1.000000000000 0.640818078842
1.001000000000 0.640528226191
1.002000000000 0.640238328307
1.003000000000 0.639948387802
1.004000000000 0.639658407126
1.005000000000 0.639368388575
1.006000000000 0.639078334306
1.007000000000 0.638788246343
1.008000000000 0.638498126586
1.009000000000 0.638207976822
1.010000000000 0.637917798731
1.011000000000 0.637627593893
1.012000000000 0.637337363794
1.013000000000 0.637047109835
1.014000000000 0.636756833332
1.015000000000 0.636466535527
1.016000000000 0.636176217590
1.017000000000 0.635885880624
1.018000000000 0.635595525666
1.019000000000 0.635305153699
1.020000000000 0.635014765647
1.021000000000 0.634724362382
1.022000000000 0.634433944727
1.023000000000 0.634143513461
1.024000000000 0.633853069316
1.025000000000 0.633562612987
1.026000000000 0.633272145128
1.027000000000 0.632981666357
1.028000000000 0.632691177260
1.029000000000 0.632400678388
1.030000000000 0.632110170263
1.031000000000 0.631819653380
1.032000000000 0.631529128204
1.033000000000 0.631238595177
1.034000000000 0.630948054717
1.035000000000 0.630657507217
1.036000000000 0.630366953052
1.037000000000 0.630076392575
1.038000000000 0.629785826119
1.039000000000 0.629495254001
1.040000000000 0.629204676521
1.041000000000 0.628914093961
1.042000000000 0.628623506589
1.043000000000 0.628332914660
1.044000000000 0.628042318414
1.045000000000 0.627751718077
1.046000000000 0.627461113866
1.047000000000 0.627170505983
1.048000000000 0.626879894623
1.049000000000 0.626589279968
1.050000000000 0.626298662191
1.051000000000 0.626008041456
1.052000000000 0.625717417919
1.053000000000 0.625426791725
1.054000000000 0.625136163016
1.055000000000 0.624845531922
1.056000000000 0.624554898569
1.057000000000 0.624264263075
1.058000000000 0.623973625553
1.059000000000 0.623682986108
1.060000000000 0.623392344842
1.061000000000 0.623101701850
1.062000000000 0.622811057222
1.063000000000 0.622520411044
1.064000000000 0.622229763398
1.065000000000 0.621939114359
1.066000000000 0.621648464002
1.067000000000 0.621357812395
1.068000000000 0.621067159603
1.069000000000 0.620776505690
1.070000000000 0.620485850713
1.071000000000 0.620195194729
1.072000000000 0.619904537790
1.073000000000 0.619613879946
1.074000000000 0.619323221245
1.075000000000 0.619032561732
1.076000000000 0.618741901449
1.077000000000 0.618451240437
1.078000000000 0.618160578735
1.079000000000 0.617869916378
1.080000000000 0.617579253402
1.081000000000 0.617288589838
1.082000000000 0.616997925718
1.083000000000 0.616707261071
1.084000000000 0.616416595925
1.085000000000 0.616125930306
1.086000000000 0.615835264240
1.087000000000 0.615544597749
1.088000000000 0.615253930857
1.089000000000 0.614963263585
1.090000000000 0.614672595953
1.091000000000 0.614381927981
1.092000000000 0.614091259685
1.093000000000 0.613800591084
1.094000000000 0.613509922195
1.095000000000 0.613219253031
1.096000000000 0.612928583609
1.097000000000 0.612637913942
1.098000000000 0.612347244044
1.099000000000 0.612056573926
1.100000000000 0.611765903601
1.101000000000 0.611475233080
1.102000000000 0.611184562373
1.103000000000 0.610893891491
1.104000000000 0.610603220444
1.105000000000 0.610312549241
1.106000000000 0.610021877889
1.107000000000 0.609731206398
1.108000000000 0.609440534775
1.109000000000 0.609149863028
1.110000000000 0.608859191163
1.111000000000 0.608568519187
1.112000000000 0.608277847106
1.113000000000 0.607987174928
1.114000000000 0.607696502656
1.115000000000 0.607405830296
1.116000000000 0.607115157854
1.117000000000 0.606824485335
1.118000000000 0.606533812742
1.119000000000 0.606243140081
1.120000000000 0.605952467355
1.121000000000 0.605661794569
1.122000000000 0.605371121725
1.123000000000 0.605080448828
1.124000000000 0.604789775881
1.125000000000 0.604499102887
1.126000000000 0.604208429849
1.127000000000 0.603917756770
1.128000000000 0.603627083653
1.129000000000 0.603336410499
1.130000000000 0.603045737313
1.131000000000 0.602755064095
1.132000000000 0.602464390849
1.133000000000 0.602173717575
1.134000000000 0.601883044277
1.135000000000 0.601592370956
1.136000000000 0.601301697614
1.137000000000 0.601011024252
1.138000000000 0.600720350872
1.139000000000 0.600429677476
1.140000000000 0.600139004065
1.141000000000 0.599848330640
1.142000000000 0.599557657204
1.143000000000 0.599266983756
1.144000000000 0.598976310298
1.145000000000 0.598685636832
1.146000000000 0.598394963357
1.147000000000 0.598104289876
1.148000000000 0.597813616390
1.149000000000 0.597522942898
1.150000000000 0.597232269403
1.151000000000 0.596941595904
1.152000000000 0.596650922403
1.153000000000 0.596360248900
1.154000000000 0.596069575397
1.155000000000 0.595778901892
1.156000000000 0.595488228389
1.157000000000 0.595197554886
1.158000000000 0.594906881384
1.159000000000 0.594616207885
1.160000000000 0.594325534388
1.161000000000 0.594034860894
1.162000000000 0.593744187404
1.163000000000 0.593453513917
1.164000000000 0.593162840435
1.165000000000 0.592872166957
1.166000000000 0.592581493485
1.167000000000 0.592290820017
1.168000000000 0.592000146556
1.169000000000 0.591709473101
1.170000000000 0.591418799652
1.171000000000 0.591128126210
1.172000000000 0.590837452775
1.173000000000 0.590546779347
1.174000000000 0.590256105926
1.175000000000 0.589965432513
1.176000000000 0.589674759109
1.177000000000 0.589384085712
1.178000000000 0.589093412324
1.179000000000 0.588802738944
1.180000000000 0.588512065573
1.181000000000 0.588221392211
1.182000000000 0.587930718858
1.183000000000 0.587640045514
1.184000000000 0.587349372180
1.185000000000 0.587058698855
1.186000000000 0.586768025540
1.187000000000 0.586477352234
1.188000000000 0.586186678939
1.189000000000 0.585896005654
1.190000000000 0.585605332379
1.191000000000 0.585314659114
1.192000000000 0.585023985859
1.193000000000 0.584733312615
1.194000000000 0.584442639382
1.195000000000 0.584151966159
1.196000000000 0.583861292947
1.197000000000 0.583570619746
1.198000000000 0.583279946556
1.199000000000 0.582989273377
1.200000000000 0.582698600209
1.201000000000 0.582407927052
1.202000000000 0.582117253906
1.203000000000 0.581826580771
1.204000000000 0.581535907648
1.205000000000 0.581245234537
1.206000000000 0.580954561436
1.207000000000 0.580663888347
1.208000000000 0.580373215270
1.209000000000 0.580082542204
1.210000000000 0.579791869150
1.211000000000 0.579501196108
1.212000000000 0.579210523077
1.213000000000 0.578919850059
1.214000000000 0.578629177052
1.215000000000 0.578338504056
1.216000000000 0.578047831073
1.217000000000 0.577757158102
1.218000000000 0.577466485142
1.219000000000 0.577175812195
1.220000000000 0.576885139260
1.221000000000 0.576594466336
1.222000000000 0.576303793425
1.223000000000 0.576013120526
1.224000000000 0.575722447639
1.225000000000 0.575431774765
1.226000000000 0.575141101902
1.227000000000 0.574850429052
1.228000000000 0.574559756214
1.229000000000 0.574269083388
1.230000000000 0.573978410575
1.231000000000 0.573687737774
1.232000000000 0.573397064985
1.233000000000 0.573106392209
1.234000000000 0.572815719445
1.235000000000 0.572525046693
1.236000000000 0.572234373954
1.237000000000 0.571943701228
1.238000000000 0.571653028513
1.239000000000 0.571362355812
1.240000000000 0.571071683123
1.241000000000 0.570781010446
1.242000000000 0.570490337782
1.243000000000 0.570199665131
1.244000000000 0.569908992492
1.245000000000 0.569618319866
1.246000000000 0.569327647252
1.247000000000 0.569036974651
1.248000000000 0.568746302063
1.249000000000 0.568455629487
1.250000000000 0.568164956924
1.251000000000 0.567874284374
1.252000000000 0.567583611837
1.253000000000 0.567292939312
1.254000000000 0.567002266800
1.255000000000 0.566711594301
1.256000000000 0.566420921814
1.257000000000 0.566130249341
1.258000000000 0.565839576880
1.259000000000 0.565548904432
1.260000000000 0.565258231997
1.261000000000 0.564967559574
1.262000000000 0.564676887165
1.263000000000 0.564386214768
1.264000000000 0.564095542385
1.265000000000 0.563804870014
1.266000000000 0.563514197656
1.267000000000 0.563223525311
1.268000000000 0.562932852979
1.269000000000 0.562642180661
1.270000000000 0.562351508355
1.271000000000 0.562060836062
1.272000000000 0.561770163782
1.273000000000 0.561479491515
1.274000000000 0.561188819261
1.275000000000 0.560898147020
1.276000000000 0.560607474792
1.277000000000 0.560316802578
1.278000000000 0.560026130376
1.279000000000 0.559735458187
1.280000000000 0.559444786012
1.281000000000 0.559154113850
1.282000000000 0.558863441701
1.283000000000 0.558572769565
1.284000000000 0.558282097442
1.285000000000 0.557991425332
1.286000000000 0.557700753236
1.287000000000 0.557410081152
1.288000000000 0.557119409082
1.289000000000 0.556828737026
1.290000000000 0.556538064982
1.291000000000 0.556247392952
1.292000000000 0.555956720935
1.293000000000 0.555666048931
1.294000000000 0.555375376940
1.295000000000 0.555084704963
1.296000000000 0.554794032999
1.297000000000 0.554503361049
1.298000000000 0.554212689112
1.299000000000 0.553922017188
1.300000000000 0.553631345277
1.301000000000 0.553340673380
1.302000000000 0.553050001496
1.303000000000 0.552759329626
1.304000000000 0.552468657769
1.305000000000 0.552177985926
1.306000000000 0.551887314096
1.307000000000 0.551596642279
1.308000000000 0.551305970476
1.309000000000 0.551015298687
1.310000000000 0.550724626910
1.311000000000 0.550433955148
1.312000000000 0.550143283399
1.313000000000 0.549852611663
1.314000000000 0.549561939941
1.315000000000 0.549271268233
1.316000000000 0.548980596538
1.317000000000 0.548689924857
1.318000000000 0.548399253189
1.319000000000 0.548108581535
1.320000000000 0.547817909894
1.321000000000 0.547527238267
1.322000000000 0.547236566654
1.323000000000 0.546945895055
1.324000000000 0.546655223469
1.325000000000 0.546364551897
1.326000000000 0.546073880338
1.327000000000 0.545783208793
1.328000000000 0.545492537262
1.329000000000 0.545201865745
1.330000000000 0.544911194242
1.331000000000 0.544620522752
1.332000000000 0.544329851276
1.333000000000 0.544039179814
1.334000000000 0.543748508365
1.335000000000 0.543457836930
1.336000000000 0.543167165510
1.337000000000 0.542876494103
1.338000000000 0.542585822710
1.339000000000 0.542295151330
1.340000000000 0.542004479965
1.341000000000 0.541713808614
1.342000000000 0.541423137276
1.343000000000 0.541132465952
1.344000000000 0.540841794643
1.345000000000 0.540551123347
1.346000000000 0.540260452065
1.347000000000 0.539969780797
1.348000000000 0.539679109544
1.349000000000 0.539388438304
1.350000000000 0.539097767078
1.351000000000 0.538807095866
1.352000000000 0.538516424668
1.353000000000 0.538225753485
1.354000000000 0.537935082315
1.355000000000 0.537644411159
1.356000000000 0.537353740018
1.357000000000 0.537063068890
1.358000000000 0.536772397777
1.359000000000 0.536481726678
1.360000000000 0.536191055593
1.361000000000 0.535900384522
1.362000000000 0.535609713466
1.363000000000 0.535319042423
1.364000000000 0.535028371395
1.365000000000 0.534737700381
1.366000000000 0.534447029381
1.367000000000 0.534156358395
1.368000000000 0.533865687424
1.369000000000 0.533575016467
1.370000000000 0.533284345524
1.371000000000 0.532993674596
1.372000000000 0.532703003681
1.373000000000 0.532412332782
1.374000000000 0.532121661896
1.375000000000 0.531830991025
1.376000000000 0.531540320168
1.377000000000 0.531249649326
1.378000000000 0.530958978497
1.379000000000 0.530668307684
1.380000000000 0.530377636885
1.381000000000 0.530086966100
1.382000000000 0.529796295329
1.383000000000 0.529505624573
1.384000000000 0.529214953832
1.385000000000 0.528924283105
1.386000000000 0.528633612393
1.387000000000 0.528342941695
1.388000000000 0.528052271011
1.389000000000 0.527761600342
1.390000000000 0.527470929688
1.391000000000 0.527180259048
1.392000000000 0.526889588423
1.393000000000 0.526598917813
1.394000000000 0.526308247217
1.395000000000 0.526017576635
1.396000000000 0.525726906069
1.397000000000 0.525436235517
1.398000000000 0.525145564979
1.399000000000 0.524854894457
1.400000000000 0.524564223949
1.401000000000 0.524273553456
1.402000000000 0.523982882977
1.403000000000 0.523692212513
1.404000000000 0.523401542064
1.405000000000 0.523110871630
1.406000000000 0.522820201211
1.407000000000 0.522529530806
1.408000000000 0.522238860416
1.409000000000 0.521948190041
1.410000000000 0.521657519681
1.411000000000 0.521366849336
1.412000000000 0.521076179005
1.413000000000 0.520785508690
1.414000000000 0.520494838389
1.415000000000 0.520204168103
1.416000000000 0.519913497832
1.417000000000 0.519622827577
1.418000000000 0.519332157336
1.419000000000 0.519041487110
1.420000000000 0.518750816899
1.421000000000 0.518460146703
1.422000000000 0.518169476522
1.423000000000 0.517878806356
1.424000000000 0.517588136205
1.425000000000 0.517297466069
1.426000000000 0.517006795949
1.427000000000 0.516716125843
1.428000000000 0.516425455752
1.429000000000 0.516134785677
1.430000000000 0.515844115617
1.431000000000 0.515553445572
1.432000000000 0.515262775542
1.433000000000 0.514972105527
1.434000000000 0.514681435527
1.435000000000 0.514390765543
1.436000000000 0.514100095574
1.437000000000 0.513809425620
1.438000000000 0.513518755682
1.439000000000 0.513228085758
1.440000000000 0.512937415850
1.441000000000 0.512646745957
1.442000000000 0.512356076080
1.443000000000 0.512065406218
1.444000000000 0.511774736371
1.445000000000 0.511484066540
1.446000000000 0.511193396724
1.447000000000 0.510902726923
1.448000000000 0.510612057138
1.449000000000 0.510321387368
1.450000000000 0.510030717614
1.451000000000 0.509740047875
1.452000000000 0.509449378151
1.453000000000 0.509158708443
1.454000000000 0.508868038751
1.455000000000 0.508577369074
1.456000000000 0.508286699413
1.457000000000 0.507996029767
1.458000000000 0.507705360137
1.459000000000 0.507414690522
1.460000000000 0.507124020923
1.461000000000 0.506833351339
1.462000000000 0.506542681772
1.463000000000 0.506252012219
1.464000000000 0.505961342683
1.465000000000 0.505670673162
1.466000000000 0.505380003657
1.467000000000 0.505089334167
1.468000000000 0.504798664694
1.469000000000 0.504507995235
1.470000000000 0.504217325793
1.471000000000 0.503926656367
1.472000000000 0.503635986956
1.473000000000 0.503345317561
1.474000000000 0.503054648182
1.475000000000 0.502763978819
1.476000000000 0.502473309471
1.477000000000 0.502182640140
1.478000000000 0.501891970824
1.479000000000 0.501601301524
1.480000000000 0.501310632241
1.481000000000 0.501019962973
1.482000000000 0.500729293721
1.483000000000 0.500438624485
1.484000000000 0.500147955265
1.485000000000 0.499857286061
1.486000000000 0.499566616873
1.487000000000 0.499275947701
1.488000000000 0.498985278545
1.489000000000 0.498694609405
1.490000000000 0.498403940281
1.491000000000 0.498113271173
1.492000000000 0.497822602082
1.493000000000 0.497531933006
1.494000000000 0.497241263947
1.495000000000 0.496950594904
1.496000000000 0.496659925877
1.497000000000 0.496369256866
1.498000000000 0.496078587871
1.499000000000 0.495787918893
1.500000000000 0.495497249931
1.501000000000 0.495206580985
1.502000000000 0.494915912055
1.503000000000 0.494625243142
1.504000000000 0.494334574245
1.505000000000 0.494043905364
1.506000000000 0.493753236500
1.507000000000 0.493462567652
1.508000000000 0.493171898820
1.509000000000 0.492881230005
1.510000000000 0.492590561206
1.511000000000 0.492299892424
1.512000000000 0.492009223658
1.513000000000 0.491718554909
1.514000000000 0.491427886176
1.515000000000 0.491137217459
1.516000000000 0.490846548759
1.517000000000 0.490555880076
1.518000000000 0.490265211409
1.519000000000 0.489974542759
1.520000000000 0.489683874125
1.521000000000 0.489393205508
1.522000000000 0.489102536907
1.523000000000 0.488811868323
1.524000000000 0.488521199756
1.525000000000 0.488230531205
1.526000000000 0.487939862672
1.527000000000 0.487649194154
1.528000000000 0.487358525654
1.529000000000 0.487067857170
1.530000000000 0.486777188703
1.531000000000 0.486486520253
1.532000000000 0.486195851820
1.533000000000 0.485905183403
1.534000000000 0.485614515003
1.535000000000 0.485323846620
1.536000000000 0.485033178254
1.537000000000 0.484742509905
1.538000000000 0.484451841573
1.539000000000 0.484161173257
1.540000000000 0.483870504959
1.541000000000 0.483579836678
1.542000000000 0.483289168413
1.543000000000 0.482998500166
1.544000000000 0.482707831935
1.545000000000 0.482417163721
1.546000000000 0.482126495525
1.547000000000 0.481835827346
1.548000000000 0.481545159183
1.549000000000 0.481254491038
1.550000000000 0.480963822910
1.551000000000 0.480673154799
1.552000000000 0.480382486705
1.553000000000 0.480091818628
1.554000000000 0.479801150569
1.555000000000 0.479510482527
1.556000000000 0.479219814502
1.557000000000 0.478929146494
1.558000000000 0.478638478503
1.559000000000 0.478347810530
1.560000000000 0.478057142574
1.561000000000 0.477766474635
1.562000000000 0.477475806714
1.563000000000 0.477185138810
1.564000000000 0.476894470923
1.565000000000 0.476603803054
1.566000000000 0.476313135202
1.567000000000 0.476022467368
1.568000000000 0.475731799551
1.569000000000 0.475441131751
1.570000000000 0.475150463969
1.571000000000 0.474859796205
1.572000000000 0.474569128458
1.573000000000 0.474278460728
1.574000000000 0.473987793017
1.575000000000 0.473697125322
1.576000000000 0.473406457646
1.577000000000 0.473115789986
1.578000000000 0.472825122345
1.579000000000 0.472534454721
1.580000000000 0.472243787115
1.581000000000 0.471953119526
1.582000000000 0.471662451956
1.583000000000 0.471371784403
1.584000000000 0.471081116867
1.585000000000 0.470790449350
1.586000000000 0.470499781850
1.587000000000 0.470209114368
1.588000000000 0.469918446904
1.589000000000 0.469627779458
1.590000000000 0.469337112030
1.591000000000 0.469046444619
1.592000000000 0.468755777226
1.593000000000 0.468465109852
1.594000000000 0.468174442495
1.595000000000 0.467883775156
1.596000000000 0.467593107835
1.597000000000 0.467302440533
1.598000000000 0.467011773248
1.599000000000 0.466721105981
1.600000000000 0.466430438733
1.601000000000 0.466139771502
1.602000000000 0.465849104289
1.603000000000 0.465558437095
1.604000000000 0.465267769919
1.605000000000 0.464977102761
1.606000000000 0.464686435621
1.607000000000 0.464395768499
1.608000000000 0.464105101396
1.609000000000 0.463814434311
1.610000000000 0.463523767244
1.611000000000 0.463233100195
1.612000000000 0.462942433164
1.613000000000 0.462651766152
1.614000000000 0.462361099159
1.615000000000 0.462070432183
1.616000000000 0.461779765226
1.617000000000 0.461489098288
1.618000000000 0.461198431368
1.619000000000 0.460907764466
1.620000000000 0.460617097583
1.621000000000 0.460326430718
1.622000000000 0.460035763872
1.623000000000 0.459745097044
1.624000000000 0.459454430235
1.625000000000 0.459163763444
1.626000000000 0.458873096672
1.627000000000 0.458582429919
1.628000000000 0.458291763184
1.629000000000 0.458001096468
1.630000000000 0.457710429771
1.631000000000 0.457419763092
1.632000000000 0.457129096432
1.633000000000 0.456838429791
1.634000000000 0.456547763168
1.635000000000 0.456257096565
1.636000000000 0.455966429980
1.637000000000 0.455675763414
1.638000000000 0.455385096866
1.639000000000 0.455094430338
1.640000000000 0.454803763829
1.641000000000 0.454513097338
1.642000000000 0.454222430867
1.643000000000 0.453931764414
1.644000000000 0.453641097980
1.645000000000 0.453350431566
1.646000000000 0.453059765170
1.647000000000 0.452769098793
1.648000000000 0.452478432436
1.649000000000 0.452187766097
1.650000000000 0.451897099778
1.651000000000 0.451606433478
1.652000000000 0.451315767197
1.653000000000 0.451025100935
1.654000000000 0.450734434693
1.655000000000 0.450443768469
1.656000000000 0.450153102265
1.657000000000 0.449862436080
1.658000000000 0.449571769915
1.659000000000 0.449281103769
1.660000000000 0.448990437642
1.661000000000 0.448699771534
1.662000000000 0.448409105446
1.663000000000 0.448118439378
1.664000000000 0.447827773328
1.665000000000 0.447537107299
1.666000000000 0.447246441288
1.667000000000 0.446955775298
1.668000000000 0.446665109327
1.669000000000 0.446374443375
1.670000000000 0.446083777443
1.671000000000 0.445793111531
1.672000000000 0.445502445638
1.673000000000 0.445211779765
1.674000000000 0.444921113912
1.675000000000 0.444630448078
1.676000000000 0.444339782264
1.677000000000 0.444049116470
1.678000000000 0.443758450696
1.679000000000 0.443467784942
1.680000000000 0.443177119207
1.681000000000 0.442886453493
1.682000000000 0.442595787798
1.683000000000 0.442305122123
1.684000000000 0.442014456469
1.685000000000 0.441723790834
1.686000000000 0.441433125219
1.687000000000 0.441142459625
1.688000000000 0.440851794050
1.689000000000 0.440561128496
1.690000000000 0.440270462962
1.691000000000 0.439979797448
1.692000000000 0.439689131954
1.693000000000 0.439398466480
1.694000000000 0.439107801027
1.695000000000 0.438817135594
1.696000000000 0.438526470182
1.697000000000 0.438235804790
1.698000000000 0.437945139418
1.699000000000 0.437654474067
1.700000000000 0.437363808736
1.701000000000 0.437073143426
1.702000000000 0.436782478137
1.703000000000 0.436491812868
1.704000000000 0.436201147620
1.705000000000 0.435910482392
1.706000000000 0.435619817185
1.707000000000 0.435329151999
1.708000000000 0.435038486834
1.709000000000 0.434747821690
1.710000000000 0.434457156567
1.711000000000 0.434166491464
1.712000000000 0.433875826383
1.713000000000 0.433585161323
1.714000000000 0.433294496283
1.715000000000 0.433003831265
1.716000000000 0.432713166269
1.717000000000 0.432422501293
1.718000000000 0.432131836339
1.719000000000 0.431841171406
1.720000000000 0.431550506495
1.721000000000 0.431259841605
1.722000000000 0.430969176736
1.723000000000 0.430678511890
1.724000000000 0.430387847065
1.725000000000 0.430097182261
1.726000000000 0.429806517480
1.727000000000 0.429515852720
1.728000000000 0.429225187983
1.729000000000 0.428934523267
1.730000000000 0.428643858574
1.731000000000 0.428353193903
1.732000000000 0.428062529254
1.733000000000 0.427771864627
1.734000000000 0.427481200023
1.735000000000 0.427190535442
1.736000000000 0.426899870883
1.737000000000 0.426609206346
1.738000000000 0.426318541833
1.739000000000 0.426027877343
1.740000000000 0.425737212875
1.741000000000 0.425446548431
1.742000000000 0.425155884010
1.743000000000 0.424865219613
1.744000000000 0.424574555239
1.745000000000 0.424283890888
1.746000000000 0.423993226562
1.747000000000 0.423702562259
1.748000000000 0.423411897981
1.749000000000 0.423121233726
1.750000000000 0.422830569496
1.751000000000 0.422539905291
1.752000000000 0.422249241110
1.753000000000 0.421958576954
1.754000000000 0.421667912823
1.755000000000 0.421377248718
1.756000000000 0.421086584638
1.757000000000 0.420795920583
1.758000000000 0.420505256555
1.759000000000 0.420214592552
1.760000000000 0.419923928576
1.761000000000 0.419633264627
1.762000000000 0.419342600704
1.763000000000 0.419051936808
1.764000000000 0.418761272940
1.765000000000 0.418470609099
1.766000000000 0.418179945286
1.767000000000 0.417889281501
1.768000000000 0.417598617745
1.769000000000 0.417307954018
1.770000000000 0.417017290320
1.771000000000 0.416726626652
1.772000000000 0.416435963013
1.773000000000 0.416145299405
1.774000000000 0.415854635828
1.775000000000 0.415563972282
1.776000000000 0.415273308767
1.777000000000 0.414982645285
1.778000000000 0.414691981835
1.779000000000 0.414401318418
1.780000000000 0.414110655035
1.781000000000 0.413819991686
1.782000000000 0.413529328372
1.783000000000 0.413238665093
1.784000000000 0.412948001850
1.785000000000 0.412657338644
1.786000000000 0.412366675475
1.787000000000 0.412076012344
1.788000000000 0.411785349252
1.789000000000 0.411494686199
1.790000000000 0.411204023187
1.791000000000 0.410913360216
1.792000000000 0.410622697287
1.793000000000 0.410332034401
1.794000000000 0.410041371559
1.795000000000 0.409750708762
1.796000000000 0.409460046011
1.797000000000 0.409169383308
1.798000000000 0.408878720652
1.799000000000 0.408588058046
1.800000000000 0.408297395491
1.801000000000 0.408006732988
1.802000000000 0.407716070538
1.803000000000 0.407425408143
1.804000000000 0.407134745804
1.805000000000 0.406844083524
1.806000000000 0.406553421302
1.807000000000 0.406262759142
1.808000000000 0.405972097045
1.809000000000 0.405681435013
1.810000000000 0.405390773048
1.811000000000 0.405100111151
1.812000000000 0.404809449326
1.813000000000 0.404518787573
1.814000000000 0.404228125896
1.815000000000 0.403937464297
1.816000000000 0.403646802778
1.817000000000 0.403356141342
1.818000000000 0.403065479993
1.819000000000 0.402774818731
1.820000000000 0.402484157561
1.821000000000 0.402193496487
1.822000000000 0.401902835510
1.823000000000 0.401612174634
1.824000000000 0.401321513864
1.825000000000 0.401030853203
1.826000000000 0.400740192654
1.827000000000 0.400449532222
1.828000000000 0.400158871911
1.829000000000 0.399868211726
1.830000000000 0.399577551671
1.831000000000 0.399286891751
1.832000000000 0.398996231971
1.833000000000 0.398705572336
1.834000000000 0.398414912853
1.835000000000 0.398124253526
1.836000000000 0.397833594362
1.837000000000 0.397542935368
1.838000000000 0.397252276549
1.839000000000 0.396961617913
1.840000000000 0.396670959466
1.841000000000 0.396380301218
1.842000000000 0.396089643174
1.843000000000 0.395798985345
1.844000000000 0.395508327737
1.845000000000 0.395217670361
1.846000000000 0.394927013225
1.847000000000 0.394636356339
1.848000000000 0.394345699715
1.849000000000 0.394055043361
1.850000000000 0.393764387290
1.851000000000 0.393473731513
1.852000000000 0.393183076043
1.853000000000 0.392892420891
1.854000000000 0.392601766072
1.855000000000 0.392311111600
1.856000000000 0.392020457488
1.857000000000 0.391729803752
1.858000000000 0.391439150409
1.859000000000 0.391148497473
1.860000000000 0.390857844964
1.861000000000 0.390567192898
1.862000000000 0.390276541295
1.863000000000 0.389985890174
1.864000000000 0.389695239557
1.865000000000 0.389404589463
1.866000000000 0.389113939917
1.867000000000 0.388823290941
1.868000000000 0.388532642560
1.869000000000 0.388241994799
1.870000000000 0.387951347686
1.871000000000 0.387660701247
1.872000000000 0.387370055513
1.873000000000 0.387079410513
1.874000000000 0.386788766279
1.875000000000 0.386498122846
1.876000000000 0.386207480246
1.877000000000 0.385916838516
1.878000000000 0.385626197694
1.879000000000 0.385335557820
1.880000000000 0.385044918935
1.881000000000 0.384754281081
1.882000000000 0.384463644303
1.883000000000 0.384173008649
1.884000000000 0.383882374167
1.885000000000 0.383591740908
1.886000000000 0.383301108926
1.887000000000 0.383010478275
1.888000000000 0.382719849015
1.889000000000 0.382429221206
1.890000000000 0.382138594910
1.891000000000 0.381847970194
1.892000000000 0.381557347128
1.893000000000 0.381266725782
1.894000000000 0.380976106232
1.895000000000 0.380685488555
1.896000000000 0.380394872835
1.897000000000 0.380104259156
1.898000000000 0.379813647606
1.899000000000 0.379523038279
1.900000000000 0.379232431272
1.901000000000 0.378941826686
1.902000000000 0.378651224625
1.903000000000 0.378360625200
1.904000000000 0.378070028525
1.905000000000 0.377779434721
1.906000000000 0.377488843911
1.907000000000 0.377198256226
1.908000000000 0.376907671801
1.909000000000 0.376617090778
1.910000000000 0.376326513304
1.911000000000 0.376035939533
1.912000000000 0.375745369625
1.913000000000 0.375454803748
1.914000000000 0.375164242074
1.915000000000 0.374873684787
1.916000000000 0.374583132074
1.917000000000 0.374292584133
1.918000000000 0.374002041170
1.919000000000 0.373711503397
1.920000000000 0.373420971039
1.921000000000 0.373130444327
1.922000000000 0.372839923502
1.923000000000 0.372549408818
1.924000000000 0.372258900535
1.925000000000 0.371968398928
1.926000000000 0.371677904279
1.927000000000 0.371387416886
1.928000000000 0.371096937055
1.929000000000 0.370806465107
1.930000000000 0.370516001375
1.931000000000 0.370225546207
1.932000000000 0.369935099961
1.933000000000 0.369644663015
1.934000000000 0.369354235757
1.935000000000 0.369063818592
1.936000000000 0.368773411943
1.937000000000 0.368483016246
1.938000000000 0.368192631957
1.939000000000 0.367902259547
1.940000000000 0.367611899508
1.941000000000 0.367321552348
1.942000000000 0.367031218597
1.943000000000 0.366740898802
1.944000000000 0.366450593533
1.945000000000 0.366160303380
1.946000000000 0.365870028955
1.947000000000 0.365579770892
1.948000000000 0.365289529848
1.949000000000 0.364999306505
1.950000000000 0.364709101567
1.951000000000 0.364418915764
1.952000000000 0.364128749852
1.953000000000 0.363838604611
1.954000000000 0.363548480849
1.955000000000 0.363258379402
1.956000000000 0.362968301130
1.957000000000 0.362678246926
1.958000000000 0.362388217708
1.959000000000 0.362098214425
1.960000000000 0.361808238054
1.961000000000 0.361518289603
1.962000000000 0.361228370110
1.963000000000 0.360938480643
1.964000000000 0.360648622302
1.965000000000 0.360358796217
1.966000000000 0.360069003549
1.967000000000 0.359779245490
1.968000000000 0.359489523263
1.969000000000 0.359199838123
1.970000000000 0.358910191354
1.971000000000 0.358620584272
1.972000000000 0.358331018223
1.973000000000 0.358041494580
1.974000000000 0.357752014748
1.975000000000 0.357462580157
1.976000000000 0.357173192268
1.977000000000 0.356883852564
1.978000000000 0.356594562556
1.979000000000 0.356305323777
1.980000000000 0.356016137783
1.981000000000 0.355727006151
1.982000000000 0.355437930474
1.983000000000 0.355148912366
1.984000000000 0.354859953453
1.985000000000 0.354571055373
1.986000000000 0.354282219776
1.987000000000 0.353993448318
1.988000000000 0.353704742661
1.989000000000 0.353416104467
1.990000000000 0.353127535398
1.991000000000 0.352839037110
1.992000000000 0.352550611253
1.993000000000 0.352262259464
1.994000000000 0.351973983367
1.995000000000 0.351685784564
1.996000000000 0.351397664640
1.997000000000 0.351109625150
1.998000000000 0.350821667620
1.999000000000 0.350533793543
2.000000000000 0.350246004377
