1.000000000000 0.763701303392
1.001000000000 0.763348946885
1.002000000000 0.762996589855
1.003000000000 0.762644232334
1.004000000000 0.762291874350
1.005000000000 0.761939515928
1.006000000000 0.761587157093
1.007000000000 0.761234797871
1.008000000000 0.760882438282
1.009000000000 0.760530078348
1.010000000000 0.760177718088
1.011000000000 0.759825357522
1.012000000000 0.759472996668
1.013000000000 0.759120635541
1.014000000000 0.758768274158
1.015000000000 0.758415912533
1.016000000000 0.758063550682
1.017000000000 0.757711188616
1.018000000000 0.757358826349
1.019000000000 0.757006463893
1.020000000000 0.756654101258
1.021000000000 0.756301738455
1.022000000000 0.755949375495
1.023000000000 0.755597012386
1.024000000000 0.755244649137
1.025000000000 0.754892285758
1.026000000000 0.754539922255
1.027000000000 0.754187558637
1.028000000000 0.753835194910
1.029000000000 0.753482831081
1.030000000000 0.753130467156
1.031000000000 0.752778103142
1.032000000000 0.752425739044
1.033000000000 0.752073374867
1.034000000000 0.751721010616
1.035000000000 0.751368646297
1.036000000000 0.751016281912
1.037000000000 0.750663917468
1.038000000000 0.750311552967
1.039000000000 0.749959188414
1.040000000000 0.749606823812
1.041000000000 0.749254459164
1.042000000000 0.748902094474
1.043000000000 0.748549729745
1.044000000000 0.748197364979
1.045000000000 0.747845000179
1.046000000000 0.747492635347
1.047000000000 0.747140270487
1.048000000000 0.746787905600
1.049000000000 0.746435540688
1.050000000000 0.746083175754
1.051000000000 0.745730810799
1.052000000000 0.745378445826
1.053000000000 0.745026080835
1.054000000000 0.744673715829
1.055000000000 0.744321350808
1.056000000000 0.743968985775
1.057000000000 0.743616620731
1.058000000000 0.743264255677
1.059000000000 0.742911890614
1.060000000000 0.742559525543
1.061000000000 0.742207160466
1.062000000000 0.741854795383
1.063000000000 0.741502430296
1.064000000000 0.741150065205
1.065000000000 0.740797700111
1.066000000000 0.740445335016
1.067000000000 0.740092969919
1.068000000000 0.739740604822
1.069000000000 0.739388239725
1.070000000000 0.739035874628
1.071000000000 0.738683509534
1.072000000000 0.738331144441
1.073000000000 0.737978779351
1.074000000000 0.737626414264
1.075000000000 0.737274049181
1.076000000000 0.736921684102
1.077000000000 0.736569319027
1.078000000000 0.736216953958
1.079000000000 0.735864588893
1.080000000000 0.735512223835
1.081000000000 0.735159858782
1.082000000000 0.734807493736
1.083000000000 0.734455128697
1.084000000000 0.734102763665
1.085000000000 0.733750398640
1.086000000000 0.733398033622
1.087000000000 0.733045668612
1.088000000000 0.732693303611
1.089000000000 0.732340938618
1.090000000000 0.731988573633
1.091000000000 0.731636208657
1.092000000000 0.731283843690
1.093000000000 0.730931478732
1.094000000000 0.730579113783
1.095000000000 0.730226748844
1.096000000000 0.729874383914
1.097000000000 0.729522018994
1.098000000000 0.729169654084
1.099000000000 0.728817289184
1.100000000000 0.728464924294
1.101000000000 0.728112559415
1.102000000000 0.727760194545
1.103000000000 0.727407829687
1.104000000000 0.727055464839
1.105000000000 0.726703100001
1.106000000000 0.726350735174
1.107000000000 0.725998370359
1.108000000000 0.725646005554
1.109000000000 0.725293640760
1.110000000000 0.724941275977
1.111000000000 0.724588911206
1.112000000000 0.724236546445
1.113000000000 0.723884181696
1.114000000000 0.723531816959
1.115000000000 0.723179452233
1.116000000000 0.722827087518
1.117000000000 0.722474722815
1.118000000000 0.722122358124
1.119000000000 0.721769993444
1.120000000000 0.721417628776
1.121000000000 0.721065264120
1.122000000000 0.720712899475
1.123000000000 0.720360534843
1.124000000000 0.720008170222
1.125000000000 0.719655805613
1.126000000000 0.719303441016
1.127000000000 0.718951076431
1.128000000000 0.718598711858
1.129000000000 0.718246347298
1.130000000000 0.717893982749
1.131000000000 0.717541618212
1.132000000000 0.717189253688
1.133000000000 0.716836889176
1.134000000000 0.716484524676
1.135000000000 0.716132160188
1.136000000000 0.715779795713
1.137000000000 0.715427431250
1.138000000000 0.715075066799
1.139000000000 0.714722702360
1.140000000000 0.714370337934
1.141000000000 0.714017973520
1.142000000000 0.713665609119
1.143000000000 0.713313244730
1.144000000000 0.712960880354
1.145000000000 0.712608515990
1.146000000000 0.712256151638
1.147000000000 0.711903787299
1.148000000000 0.711551422973
1.149000000000 0.711199058659
1.150000000000 0.710846694358
1.151000000000 0.710494330069
1.152000000000 0.710141965793
1.153000000000 0.709789601529
1.154000000000 0.709437237278
1.155000000000 0.709084873040
1.156000000000 0.708732508815
1.157000000000 0.708380144602
1.158000000000 0.708027780401
1.159000000000 0.707675416214
1.160000000000 0.707323052039
1.161000000000 0.706970687877
1.162000000000 0.706618323728
1.163000000000 0.706265959592
1.164000000000 0.705913595468
1.165000000000 0.705561231357
1.166000000000 0.705208867259
1.167000000000 0.704856503174
1.168000000000 0.704504139101
1.169000000000 0.704151775042
1.170000000000 0.703799410995
1.171000000000 0.703447046961
1.172000000000 0.703094682940
1.173000000000 0.702742318933
1.174000000000 0.702389954937
1.175000000000 0.702037590955
1.176000000000 0.701685226986
1.177000000000 0.701332863030
1.178000000000 0.700980499087
1.179000000000 0.700628135157
1.180000000000 0.700275771239
1.181000000000 0.699923407335
1.182000000000 0.699571043444
1.183000000000 0.699218679566
1.184000000000 0.698866315701
1.185000000000 0.698513951849
1.186000000000 0.698161588010
1.187000000000 0.697809224184
1.188000000000 0.697456860371
1.189000000000 0.697104496572
1.190000000000 0.696752132785
1.191000000000 0.696399769012
1.192000000000 0.696047405252
1.193000000000 0.695695041505
1.194000000000 0.695342677771
1.195000000000 0.694990314050
1.196000000000 0.694637950343
1.197000000000 0.694285586648
1.198000000000 0.693933222967
1.199000000000 0.693580859299
1.200000000000 0.693228495645
1.201000000000 0.692876132004
1.202000000000 0.692523768376
1.203000000000 0.692171404761
1.204000000000 0.691819041159
1.205000000000 0.691466677571
1.206000000000 0.691114313996
1.207000000000 0.690761950435
1.208000000000 0.690409586887
1.209000000000 0.690057223352
1.210000000000 0.689704859831
1.211000000000 0.689352496323
1.212000000000 0.689000132828
1.213000000000 0.688647769347
1.214000000000 0.688295405879
1.215000000000 0.687943042425
1.216000000000 0.687590678984
1.217000000000 0.687238315557
1.218000000000 0.686885952143
1.219000000000 0.686533588742
1.220000000000 0.686181225355
1.221000000000 0.685828861982
1.222000000000 0.685476498622
1.223000000000 0.685124135275
1.224000000000 0.684771771942
1.225000000000 0.684419408623
1.226000000000 0.684067045317
1.227000000000 0.683714682025
1.228000000000 0.683362318747
1.229000000000 0.683009955482
1.230000000000 0.682657592230
1.231000000000 0.682305228993
1.232000000000 0.681952865768
1.233000000000 0.681600502558
1.234000000000 0.681248139361
1.235000000000 0.680895776178
1.236000000000 0.680543413009
1.237000000000 0.680191049853
1.238000000000 0.679838686711
1.239000000000 0.679486323583
1.240000000000 0.679133960468
1.241000000000 0.678781597368
1.242000000000 0.678429234281
1.243000000000 0.678076871207
1.244000000000 0.677724508148
1.245000000000 0.677372145102
1.246000000000 0.677019782071
1.247000000000 0.676667419053
1.248000000000 0.676315056049
1.249000000000 0.675962693058
1.250000000000 0.675610330082
1.251000000000 0.675257967120
1.252000000000 0.674905604171
1.253000000000 0.674553241236
1.254000000000 0.674200878315
1.255000000000 0.673848515409
1.256000000000 0.673496152516
1.257000000000 0.673143789637
1.258000000000 0.672791426772
1.259000000000 0.672439063921
1.260000000000 0.672086701084
1.261000000000 0.671734338261
1.262000000000 0.671381975452
1.263000000000 0.671029612657
1.264000000000 0.670677249876
1.265000000000 0.670324887109
1.266000000000 0.669972524356
1.267000000000 0.669620161618
1.268000000000 0.669267798893
1.269000000000 0.668915436183
1.270000000000 0.668563073486
1.271000000000 0.668210710804
1.272000000000 0.667858348136
1.273000000000 0.667505985482
1.274000000000 0.667153622843
1.275000000000 0.666801260217
1.276000000000 0.666448897606
1.277000000000 0.666096535009
1.278000000000 0.665744172426
1.279000000000 0.665391809857
1.280000000000 0.665039447303
1.281000000000 0.664687084763
1.282000000000 0.664334722237
1.283000000000 0.663982359726
1.284000000000 0.663629997228
1.285000000000 0.663277634746
1.286000000000 0.662925272277
1.287000000000 0.662572909823
1.288000000000 0.662220547383
1.289000000000 0.661868184958
1.290000000000 0.661515822547
1.291000000000 0.661163460150
1.292000000000 0.660811097768
1.293000000000 0.660458735400
1.294000000000 0.660106373047
1.295000000000 0.659754010708
1.296000000000 0.659401648383
1.297000000000 0.659049286073
1.298000000000 0.658696923778
1.299000000000 0.658344561497
1.300000000000 0.657992199231
1.301000000000 0.657639836979
1.302000000000 0.657287474742
1.303000000000 0.656935112519
1.304000000000 0.656582750311
1.305000000000 0.656230388117
1.306000000000 0.655878025938
1.307000000000 0.655525663774
1.308000000000 0.655173301624
1.309000000000 0.654820939489
1.310000000000 0.654468577369
1.311000000000 0.654116215263
1.312000000000 0.653763853172
1.313000000000 0.653411491096
1.314000000000 0.653059129034
1.315000000000 0.652706766987
1.316000000000 0.652354404955
1.317000000000 0.652002042938
1.318000000000 0.651649680935
1.319000000000 0.651297318947
1.320000000000 0.650944956974
1.321000000000 0.650592595016
1.322000000000 0.650240233073
1.323000000000 0.649887871144
1.324000000000 0.649535509231
1.325000000000 0.649183147332
1.326000000000 0.648830785448
1.327000000000 0.648478423579
1.328000000000 0.648126061725
1.329000000000 0.647773699886
1.330000000000 0.647421338062
1.331000000000 0.647068976253
1.332000000000 0.646716614458
1.333000000000 0.646364252679
1.334000000000 0.646011890915
1.335000000000 0.645659529165
1.336000000000 0.645307167431
1.337000000000 0.644954805712
1.338000000000 0.644602444008
1.339000000000 0.644250082319
1.340000000000 0.643897720645
1.341000000000 0.643545358986
1.342000000000 0.643192997342
1.343000000000 0.642840635714
1.344000000000 0.642488274100
1.345000000000 0.642135912502
1.346000000000 0.641783550919
1.347000000000 0.641431189351
1.348000000000 0.641078827798
1.349000000000 0.640726466261
1.350000000000 0.640374104738
1.351000000000 0.640021743231
1.352000000000 0.639669381739
1.353000000000 0.639317020263
1.354000000000 0.638964658802
1.355000000000 0.638612297356
1.356000000000 0.638259935925
1.357000000000 0.637907574510
1.358000000000 0.637555213110
1.359000000000 0.637202851726
1.360000000000 0.636850490356
1.361000000000 0.636498129003
1.362000000000 0.636145767664
1.363000000000 0.635793406341
1.364000000000 0.635441045034
1.365000000000 0.635088683742
1.366000000000 0.634736322465
1.367000000000 0.634383961204
1.368000000000 0.634031599959
1.369000000000 0.633679238729
1.370000000000 0.633326877514
1.371000000000 0.632974516315
1.372000000000 0.632622155132
1.373000000000 0.632269793964
1.374000000000 0.631917432812
1.375000000000 0.631565071675
1.376000000000 0.631212710554
1.377000000000 0.630860349449
1.378000000000 0.630507988359
1.379000000000 0.630155627285
1.380000000000 0.629803266227
1.381000000000 0.629450905184
1.382000000000 0.629098544157
1.383000000000 0.628746183146
1.384000000000 0.628393822150
1.385000000000 0.628041461170
1.386000000000 0.627689100206
1.387000000000 0.627336739258
1.388000000000 0.626984378326
1.389000000000 0.626632017409
1.390000000000 0.626279656509
1.391000000000 0.625927295624
1.392000000000 0.625574934755
1.393000000000 0.625222573902
1.394000000000 0.624870213065
1.395000000000 0.624517852243
1.396000000000 0.624165491438
1.397000000000 0.623813130649
1.398000000000 0.623460769875
1.399000000000 0.623108409118
1.400000000000 0.622756048376
1.401000000000 0.622403687651
1.402000000000 0.622051326942
1.403000000000 0.621698966248
1.404000000000 0.621346605571
1.405000000000 0.620994244910
1.406000000000 0.620641884265
1.407000000000 0.620289523636
1.408000000000 0.619937163023
1.409000000000 0.619584802426
1.410000000000 0.619232441845
1.411000000000 0.618880081281
1.412000000000 0.618527720733
1.413000000000 0.618175360201
1.414000000000 0.617822999685
1.415000000000 0.617470639185
1.416000000000 0.617118278702
1.417000000000 0.616765918235
1.418000000000 0.616413557784
1.419000000000 0.616061197350
1.420000000000 0.615708836931
1.421000000000 0.615356476530
1.422000000000 0.615004116144
1.423000000000 0.614651755775
1.424000000000 0.614299395422
1.425000000000 0.613947035086
1.426000000000 0.613594674766
1.427000000000 0.613242314462
1.428000000000 0.612889954175
1.429000000000 0.612537593905
1.430000000000 0.612185233651
1.431000000000 0.611832873413
1.432000000000 0.611480513192
1.433000000000 0.611128152988
1.434000000000 0.610775792800
1.435000000000 0.610423432628
1.436000000000 0.610071072473
1.437000000000 0.609718712335
1.438000000000 0.609366352214
1.439000000000 0.609013992109
1.440000000000 0.608661632020
1.441000000000 0.608309271949
1.442000000000 0.607956911894
1.443000000000 0.607604551855
1.444000000000 0.607252191834
1.445000000000 0.606899831829
1.446000000000 0.606547471841
1.447000000000 0.606195111870
1.448000000000 0.605842751915
1.449000000000 0.605490391977
1.450000000000 0.605138032056
1.451000000000 0.604785672152
1.452000000000 0.604433312265
1.453000000000 0.604080952395
1.454000000000 0.603728592541
1.455000000000 0.603376232705
1.456000000000 0.603023872885
1.457000000000 0.602671513082
1.458000000000 0.602319153297
1.459000000000 0.601966793528
1.460000000000 0.601614433776
1.461000000000 0.601262074042
1.462000000000 0.600909714324
1.463000000000 0.600557354623
1.464000000000 0.600204994940
1.465000000000 0.599852635273
1.466000000000 0.599500275624
1.467000000000 0.599147915991
1.468000000000 0.598795556376
1.469000000000 0.598443196778
1.470000000000 0.598090837197
1.471000000000 0.597738477634
1.472000000000 0.597386118087
1.473000000000 0.597033758558
1.474000000000 0.596681399046
1.475000000000 0.596329039551
1.476000000000 0.595976680074
1.477000000000 0.595624320614
1.478000000000 0.595271961171
1.479000000000 0.594919601745
1.480000000000 0.594567242337
1.481000000000 0.594214882946
1.482000000000 0.593862523573
1.483000000000 0.593510164217
1.484000000000 0.593157804878
1.485000000000 0.592805445557
1.486000000000 0.592453086253
1.487000000000 0.592100726967
1.488000000000 0.591748367698
1.489000000000 0.591396008447
1.490000000000 0.591043649213
1.491000000000 0.590691289997
1.492000000000 0.590338930799
1.493000000000 0.589986571618
1.494000000000 0.589634212454
1.495000000000 0.589281853308
1.496000000000 0.588929494180
1.497000000000 0.588577135070
1.498000000000 0.588224775977
1.499000000000 0.587872416902
1.500000000000 0.587520057844
1.501000000000 0.587167698805
1.502000000000 0.586815339783
1.503000000000 0.586462980779
1.504000000000 0.586110621792
1.505000000000 0.585758262824
1.506000000000 0.585405903873
1.507000000000 0.585053544940
1.508000000000 0.584701186025
1.509000000000 0.584348827128
1.510000000000 0.583996468249
1.511000000000 0.583644109387
1.512000000000 0.583291750544
1.513000000000 0.582939391719
1.514000000000 0.582587032911
1.515000000000 0.582234674122
1.516000000000 0.581882315350
1.517000000000 0.581529956597
1.518000000000 0.581177597862
1.519000000000 0.580825239144
1.520000000000 0.580472880445
1.521000000000 0.580120521764
1.522000000000 0.579768163101
1.523000000000 0.579415804456
1.524000000000 0.579063445830
1.525000000000 0.578711087221
1.526000000000 0.578358728631
1.527000000000 0.578006370059
1.528000000000 0.577654011505
1.529000000000 0.577301652970
1.530000000000 0.576949294453
1.531000000000 0.576596935954
1.532000000000 0.576244577473
1.533000000000 0.575892219011
1.534000000000 0.575539860567
1.535000000000 0.575187502142
1.536000000000 0.574835143735
1.537000000000 0.574482785346
1.538000000000 0.574130426976
1.539000000000 0.573778068624
1.540000000000 0.573425710291
1.541000000000 0.573073351976
1.542000000000 0.572720993680
1.543000000000 0.572368635402
1.544000000000 0.572016277143
1.545000000000 0.571663918903
1.546000000000 0.571311560681
1.547000000000 0.570959202478
1.548000000000 0.570606844293
1.549000000000 0.570254486127
1.550000000000 0.569902127980
1.551000000000 0.569549769851
1.552000000000 0.569197411741
1.553000000000 0.568845053650
1.554000000000 0.568492695578
1.555000000000 0.568140337524
1.556000000000 0.567787979489
1.557000000000 0.567435621473
1.558000000000 0.567083263476
1.559000000000 0.566730905498
1.560000000000 0.566378547539
1.561000000000 0.566026189598
1.562000000000 0.565673831677
1.563000000000 0.565321473774
1.564000000000 0.564969115891
1.565000000000 0.564616758026
1.566000000000 0.564264400181
1.567000000000 0.563912042354
1.568000000000 0.563559684547
1.569000000000 0.563207326758
1.570000000000 0.562854968989
1.571000000000 0.562502611239
1.572000000000 0.562150253508
1.573000000000 0.561797895796
1.574000000000 0.561445538103
1.575000000000 0.561093180430
1.576000000000 0.560740822775
1.577000000000 0.560388465140
1.578000000000 0.560036107525
1.579000000000 0.559683749928
1.580000000000 0.559331392351
1.581000000000 0.558979034793
1.582000000000 0.558626677255
1.583000000000 0.558274319735
1.584000000000 0.557921962236
1.585000000000 0.557569604755
1.586000000000 0.557217247294
1.587000000000 0.556864889853
1.588000000000 0.556512532431
1.589000000000 0.556160175029
1.590000000000 0.555807817646
1.591000000000 0.555455460282
1.592000000000 0.555103102939
1.593000000000 0.554750745614
1.594000000000 0.554398388310
1.595000000000 0.554046031025
1.596000000000 0.553693673759
1.597000000000 0.553341316514
1.598000000000 0.552988959288
1.599000000000 0.552636602082
1.600000000000 0.552284244895
1.601000000000 0.551931887728
1.602000000000 0.551579530581
1.603000000000 0.551227173454
1.604000000000 0.550874816347
1.605000000000 0.550522459260
1.606000000000 0.550170102192
1.607000000000 0.549817745144
1.608000000000 0.549465388117
1.609000000000 0.549113031109
1.610000000000 0.548760674121
1.611000000000 0.548408317153
1.612000000000 0.548055960205
1.613000000000 0.547703603278
1.614000000000 0.547351246370
1.615000000000 0.546998889482
1.616000000000 0.546646532615
1.617000000000 0.546294175767
1.618000000000 0.545941818940
1.619000000000 0.545589462133
1.620000000000 0.545237105346
1.621000000000 0.544884748579
1.622000000000 0.544532391833
1.623000000000 0.544180035106
1.624000000000 0.543827678401
1.625000000000 0.543475321715
1.626000000000 0.543122965050
1.627000000000 0.542770608405
1.628000000000 0.542418251780
1.629000000000 0.542065895176
1.630000000000 0.541713538592
1.631000000000 0.541361182029
1.632000000000 0.541008825486
1.633000000000 0.540656468964
1.634000000000 0.540304112462
1.635000000000 0.539951755981
1.636000000000 0.539599399520
1.637000000000 0.539247043080
1.638000000000 0.538894686661
1.639000000000 0.538542330262
1.640000000000 0.538189973884
1.641000000000 0.537837617526
1.642000000000 0.537485261190
1.643000000000 0.537132904874
1.644000000000 0.536780548579
1.645000000000 0.536428192304
1.646000000000 0.536075836050
1.647000000000 0.535723479818
1.648000000000 0.535371123606
1.649000000000 0.535018767415
1.650000000000 0.534666411244
1.651000000000 0.534314055095
1.652000000000 0.533961698967
1.653000000000 0.533609342860
1.654000000000 0.533256986773
1.655000000000 0.532904630708
1.656000000000 0.532552274664
1.657000000000 0.532199918641
1.658000000000 0.531847562639
1.659000000000 0.531495206658
1.660000000000 0.531142850698
1.661000000000 0.530790494760
1.662000000000 0.530438138843
1.663000000000 0.530085782947
1.664000000000 0.529733427072
1.665000000000 0.529381071218
1.666000000000 0.529028715386
1.667000000000 0.528676359575
1.668000000000 0.528324003786
1.669000000000 0.527971648018
1.670000000000 0.527619292271
1.671000000000 0.527266936546
1.672000000000 0.526914580842
1.673000000000 0.526562225160
1.674000000000 0.526209869500
1.675000000000 0.525857513861
1.676000000000 0.525505158243
1.677000000000 0.525152802647
1.678000000000 0.524800447073
1.679000000000 0.524448091520
1.680000000000 0.524095735989
1.681000000000 0.523743380480
1.682000000000 0.523391024993
1.683000000000 0.523038669527
1.684000000000 0.522686314084
1.685000000000 0.522333958662
1.686000000000 0.521981603262
1.687000000000 0.521629247883
1.688000000000 0.521276892527
1.689000000000 0.520924537193
1.690000000000 0.520572181881
1.691000000000 0.520219826590
1.692000000000 0.519867471322
1.693000000000 0.519515116076
1.694000000000 0.519162760852
1.695000000000 0.518810405650
1.696000000000 0.518458050471
1.697000000000 0.518105695313
1.698000000000 0.517753340178
1.699000000000 0.517400985065
1.700000000000 0.517048629975
1.701000000000 0.516696274907
1.702000000000 0.516343919861
1.703000000000 0.515991564838
1.704000000000 0.515639209837
1.705000000000 0.515286854858
1.706000000000 0.514934499902
1.707000000000 0.514582144969
1.708000000000 0.514229790059
1.709000000000 0.513877435171
1.710000000000 0.513525080305
1.711000000000 0.513172725463
1.712000000000 0.512820370643
1.713000000000 0.512468015846
1.714000000000 0.512115661072
1.715000000000 0.511763306320
1.716000000000 0.511410951592
1.717000000000 0.511058596887
1.718000000000 0.510706242205
1.719000000000 0.510353887545
1.720000000000 0.510001532909
1.721000000000 0.509649178297
1.722000000000 0.509296823707
1.723000000000 0.508944469141
1.724000000000 0.508592114598
1.725000000000 0.508239760078
1.726000000000 0.507887405582
1.727000000000 0.507535051109
1.728000000000 0.507182696660
1.729000000000 0.506830342234
1.730000000000 0.506477987833
1.731000000000 0.506125633455
1.732000000000 0.505773279100
1.733000000000 0.505420924770
1.734000000000 0.505068570463
1.735000000000 0.504716216181
1.736000000000 0.504363861923
1.737000000000 0.504011507688
1.738000000000 0.503659153479
1.739000000000 0.503306799293
1.740000000000 0.502954445132
1.741000000000 0.502602090995
1.742000000000 0.502249736883
1.743000000000 0.501897382795
1.744000000000 0.501545028733
1.745000000000 0.501192674695
1.746000000000 0.500840320682
1.747000000000 0.500487966694
1.748000000000 0.500135612731
1.749000000000 0.499783258794
1.750000000000 0.499430904882
1.751000000000 0.499078550996
1.752000000000 0.498726197135
1.753000000000 0.498373843300
1.754000000000 0.498021489491
1.755000000000 0.497669135708
1.756000000000 0.497316781951
1.757000000000 0.496964428220
1.758000000000 0.496612074516
1.759000000000 0.496259720839
1.760000000000 0.495907367189
1.761000000000 0.495555013565
1.762000000000 0.495202659969
1.763000000000 0.494850306400
1.764000000000 0.494497952859
1.765000000000 0.494145599346
1.766000000000 0.493793245860
1.767000000000 0.493440892403
1.768000000000 0.493088538975
1.769000000000 0.492736185575
1.770000000000 0.492383832204
1.771000000000 0.492031478863
1.772000000000 0.491679125551
1.773000000000 0.491326772269
1.774000000000 0.490974419017
1.775000000000 0.490622065795
1.776000000000 0.490269712605
1.777000000000 0.489917359445
1.778000000000 0.489565006318
1.779000000000 0.489212653222
1.780000000000 0.488860300158
1.781000000000 0.488507947127
1.782000000000 0.488155594129
1.783000000000 0.487803241165
1.784000000000 0.487450888235
1.785000000000 0.487098535340
1.786000000000 0.486746182479
1.787000000000 0.486393829655
1.788000000000 0.486041476867
1.789000000000 0.485689124115
1.790000000000 0.485336771401
1.791000000000 0.484984418725
1.792000000000 0.484632066088
1.793000000000 0.484279713490
1.794000000000 0.483927360933
1.795000000000 0.483575008417
1.796000000000 0.483222655942
1.797000000000 0.482870303511
1.798000000000 0.482517951123
1.799000000000 0.482165598779
1.800000000000 0.481813246481
1.801000000000 0.481460894230
1.802000000000 0.481108542026
1.803000000000 0.480756189872
1.804000000000 0.480403837767
1.805000000000 0.480051485713
1.806000000000 0.479699133712
1.807000000000 0.479346781765
1.808000000000 0.478994429873
1.809000000000 0.478642078038
1.810000000000 0.478289726262
1.811000000000 0.477937374545
1.812000000000 0.477585022890
1.813000000000 0.477232671299
1.814000000000 0.476880319773
1.815000000000 0.476527968314
1.816000000000 0.476175616925
1.817000000000 0.475823265608
1.818000000000 0.475470914364
1.819000000000 0.475118563197
1.820000000000 0.474766212108
1.821000000000 0.474413861101
1.822000000000 0.474061510178
1.823000000000 0.473709159342
1.824000000000 0.473356808596
1.825000000000 0.473004457943
1.826000000000 0.472652107386
1.827000000000 0.472299756929
1.828000000000 0.471947406576
1.829000000000 0.471595056330
1.830000000000 0.471242706195
1.831000000000 0.470890356175
1.832000000000 0.470538006275
1.833000000000 0.470185656499
1.834000000000 0.469833306853
1.835000000000 0.469480957340
1.836000000000 0.469128607967
1.837000000000 0.468776258738
1.838000000000 0.468423909660
1.839000000000 0.468071560739
1.840000000000 0.467719211980
1.841000000000 0.467366863391
1.842000000000 0.467014514979
1.843000000000 0.466662166750
1.844000000000 0.466309818712
1.845000000000 0.465957470874
1.846000000000 0.465605123243
1.847000000000 0.465252775829
1.848000000000 0.464900428640
1.849000000000 0.464548081687
1.850000000000 0.464195734978
1.851000000000 0.463843388526
1.852000000000 0.463491042340
1.853000000000 0.463138696432
1.854000000000 0.462786350815
1.855000000000 0.462434005501
1.856000000000 0.462081660504
1.857000000000 0.461729315837
1.858000000000 0.461376971515
1.859000000000 0.461024627554
1.860000000000 0.460672283968
1.861000000000 0.460319940776
1.862000000000 0.459967597994
1.863000000000 0.459615255641
1.864000000000 0.459262913736
1.865000000000 0.458910572300
1.866000000000 0.458558231354
1.867000000000 0.458205890919
1.868000000000 0.457853551019
1.869000000000 0.457501211678
1.870000000000 0.457148872922
1.871000000000 0.456796534777
1.872000000000 0.456444197271
1.873000000000 0.456091860433
1.874000000000 0.455739524294
1.875000000000 0.455387188886
1.876000000000 0.455034854243
1.877000000000 0.454682520399
1.878000000000 0.454330187391
1.879000000000 0.453977855258
1.880000000000 0.453625524040
1.881000000000 0.453273193780
1.882000000000 0.452920864521
1.883000000000 0.452568536310
1.884000000000 0.452216209194
1.885000000000 0.451863883226
1.886000000000 0.451511558458
1.887000000000 0.451159234945
1.888000000000 0.450806912746
1.889000000000 0.450454591921
1.890000000000 0.450102272535
1.891000000000 0.449749954653
1.892000000000 0.449397638347
1.893000000000 0.449045323688
1.894000000000 0.448693010753
1.895000000000 0.448340699623
1.896000000000 0.447988390381
1.897000000000 0.447636083114
1.898000000000 0.447283777915
1.899000000000 0.446931474879
1.900000000000 0.446579174107
1.901000000000 0.446226875703
1.902000000000 0.445874579778
1.903000000000 0.445522286447
1.904000000000 0.445169995829
1.905000000000 0.444817708051
1.906000000000 0.444465423243
1.907000000000 0.444113141544
1.908000000000 0.443760863098
1.909000000000 0.443408588055
1.910000000000 0.443056316571
1.911000000000 0.442704048813
1.912000000000 0.442351784951
1.913000000000 0.441999525165
1.914000000000 0.441647269644
1.915000000000 0.441295018584
1.916000000000 0.440942772190
1.917000000000 0.440590530676
1.918000000000 0.440238294268
1.919000000000 0.439886063199
1.920000000000 0.439533837713
1.921000000000 0.439181618068
1.922000000000 0.438829404529
1.923000000000 0.438477197376
1.924000000000 0.438124996900
1.925000000000 0.437772803405
1.926000000000 0.437420617209
1.927000000000 0.437068438643
1.928000000000 0.436716268053
1.929000000000 0.436364105801
1.930000000000 0.436011952263
1.931000000000 0.435659807832
1.932000000000 0.435307672918
1.933000000000 0.434955547948
1.934000000000 0.434603433369
1.935000000000 0.434251329645
1.936000000000 0.433899237261
1.937000000000 0.433547156722
1.938000000000 0.433195088553
1.939000000000 0.432843033303
1.940000000000 0.432490991541
1.941000000000 0.432138963863
1.942000000000 0.431786950886
1.943000000000 0.431434953253
1.944000000000 0.431082971635
1.945000000000 0.430731006727
1.946000000000 0.430379059253
1.947000000000 0.430027129965
1.948000000000 0.429675219645
1.949000000000 0.429323329104
1.950000000000 0.428971459186
1.951000000000 0.428619610765
1.952000000000 0.428267784749
1.953000000000 0.427915982080
1.954000000000 0.427564203732
1.955000000000 0.427212450717
1.956000000000 0.426860724081
1.957000000000 0.426509024910
1.958000000000 0.426157354323
1.959000000000 0.425805713481
1.960000000000 0.425454103582
1.961000000000 0.425102525864
1.962000000000 0.424750981604
1.963000000000 0.424399472121
1.964000000000 0.424047998774
1.965000000000 0.423696562962
1.966000000000 0.423345166127
1.967000000000 0.422993809750
1.968000000000 0.422642495357
1.969000000000 0.422291224511
1.970000000000 0.421939998818
1.971000000000 0.421588819925
1.972000000000 0.421237689517
1.973000000000 0.420886609320
1.974000000000 0.420535581096
1.975000000000 0.420184606645
1.976000000000 0.419833687804
1.977000000000 0.419482826442
1.978000000000 0.419132024463
1.979000000000 0.418781283798
1.980000000000 0.418430606410
1.981000000000 0.418079994285
1.982000000000 0.417729449434
1.983000000000 0.417378973888
1.984000000000 0.417028569694
1.985000000000 0.416678238915
1.986000000000 0.416327983621
1.987000000000 0.415977805891
1.988000000000 0.415627707804
1.989000000000 0.415277691438
1.990000000000 0.414927758865
1.991000000000 0.414577912142
1.992000000000 0.414228153314
1.993000000000 0.413878484400
1.994000000000 0.413528907396
1.995000000000 0.413179424264
1.996000000000 0.412830036929
1.997000000000 0.412480747274
1.998000000000 0.412131557134
1.999000000000 0.411782468291
2.000000000000 0.411433482468
