0.000000000000 1.000000000000
0.001000000000 0.998507441466
0.002000000000 0.997094493745
0.003000000000 0.995756733552
0.004000000000 0.994489994360
0.005000000000 0.993290350356
0.006000000000 0.992154101511
0.007000000000 0.991077759690
0.008000000000 0.990058035700
0.009000000000 0.989091827221
0.010000000000 0.988176207538
0.011000000000 0.987308415025
0.012000000000 0.986485843310
0.013000000000 0.985706032088
0.014000000000 0.984966658516
0.015000000000 0.984265529167
0.016000000000 0.983600572484
0.017000000000 0.982969831715
0.018000000000 0.982371458279
0.019000000000 0.981803705557
0.020000000000 0.981264923047
0.021000000000 0.980753550889
0.022000000000 0.980268114711
0.023000000000 0.979807220796
0.024000000000 0.979369551530
0.025000000000 0.978953861121
0.026000000000 0.978558971580
0.027000000000 0.978183768923
0.028000000000 0.977827199614
0.029000000000 0.977488267197
0.030000000000 0.977166029139
0.031000000000 0.976859593842
0.032000000000 0.976568117838
0.033000000000 0.976290803134
0.034000000000 0.976026894720
0.035000000000 0.975775678207
0.036000000000 0.975536477607
0.037000000000 0.975308653234
0.038000000000 0.975091599725
0.039000000000 0.974884744172
0.040000000000 0.974687544355
0.041000000000 0.974499487080
0.042000000000 0.974320086603
0.043000000000 0.974148883144
0.044000000000 0.973985441486
0.045000000000 0.973829349645
0.046000000000 0.973680217619
0.047000000000 0.973537676203
0.048000000000 0.973401375869
0.049000000000 0.973270985710
0.050000000000 0.973146192438
0.051000000000 0.973026699436
0.052000000000 0.972912225869
0.053000000000 0.972802505834
0.054000000000 0.972697287565
0.055000000000 0.972596332669
0.056000000000 0.972499415419
0.057000000000 0.972406322073
0.058000000000 0.972316850233
0.059000000000 0.972230808243
0.060000000000 0.972148014613
0.061000000000 0.972068297479
0.062000000000 0.971991494089
0.063000000000 0.971917450317
0.064000000000 0.971846020205
0.065000000000 0.971777065528
0.066000000000 0.971710455384
0.067000000000 0.971646065802
0.068000000000 0.971583779373
0.069000000000 0.971523484907
0.070000000000 0.971465077097
0.071000000000 0.971408456208
0.072000000000 0.971353527782
0.073000000000 0.971300202359
0.074000000000 0.971248395210
0.075000000000 0.971198026085
0.076000000000 0.971149018980
0.077000000000 0.971101301908
0.078000000000 0.971054806686
0.079000000000 0.971009468737
0.080000000000 0.970965226895
0.081000000000 0.970922023228
0.082000000000 0.970879802861
0.083000000000 0.970838513823
0.084000000000 0.970798106885
0.085000000000 0.970758535418
0.086000000000 0.970719755258
0.087000000000 0.970681724572
0.088000000000 0.970644403734
0.089000000000 0.970607755212
0.090000000000 0.970571743457
0.091000000000 0.970536334793
0.092000000000 0.970501497324
0.093000000000 0.970467200838
0.094000000000 0.970433416714
0.095000000000 0.970400117845
0.096000000000 0.970367278553
0.097000000000 0.970334874515
0.098000000000 0.970302882691
0.099000000000 0.970271281256
0.100000000000 0.970240049539
0.101000000000 0.970209167955
0.102000000000 0.970178617957
0.103000000000 0.970148381971
0.104000000000 0.970118443355
0.105000000000 0.970088786341
0.106000000000 0.970059395993
0.107000000000 0.970030258165
0.108000000000 0.970001359453
0.109000000000 0.969972687164
0.110000000000 0.969944229271
0.111000000000 0.969915974382
0.112000000000 0.969887911706
0.113000000000 0.969860031021
0.114000000000 0.969832322641
0.115000000000 0.969804777395
0.116000000000 0.969777386593
0.117000000000 0.969750142002
0.118000000000 0.969723035825
0.119000000000 0.969696060674
0.120000000000 0.969669209552
0.121000000000 0.969642475829
0.122000000000 0.969615853226
0.123000000000 0.969589335794
0.124000000000 0.969562917896
0.125000000000 0.969536594195
0.126000000000 0.969510359633
0.127000000000 0.969484209419
0.128000000000 0.969458139014
0.129000000000 0.969432144119
0.130000000000 0.969406220660
0.131000000000 0.969380364779
0.132000000000 0.969354572821
0.133000000000 0.969328841322
0.134000000000 0.969303167002
0.135000000000 0.969277546753
0.136000000000 0.969251977632
0.137000000000 0.969226456848
0.138000000000 0.969200981759
0.139000000000 0.969175549863
0.140000000000 0.969150158787
0.141000000000 0.969124806286
0.142000000000 0.969099490231
0.143000000000 0.969074208605
0.144000000000 0.969048959499
0.145000000000 0.969023741102
0.146000000000 0.968998551701
0.147000000000 0.968973389671
0.148000000000 0.968948253473
0.149000000000 0.968923141651
0.150000000000 0.968898052822
0.151000000000 0.968872985678
0.152000000000 0.968847938980
0.153000000000 0.968822911554
0.154000000000 0.968797902286
0.155000000000 0.968772910124
0.156000000000 0.968747934068
0.157000000000 0.968722973172
0.158000000000 0.968698026541
0.159000000000 0.968673093324
0.160000000000 0.968648172717
0.161000000000 0.968623263959
0.162000000000 0.968598366327
0.163000000000 0.968573479136
0.164000000000 0.968548601740
0.165000000000 0.968523733523
0.166000000000 0.968498873904
0.167000000000 0.968474022331
0.168000000000 0.968449178283
0.169000000000 0.968424341264
0.170000000000 0.968399510807
0.171000000000 0.968374686465
0.172000000000 0.968349867820
0.173000000000 0.968325054471
0.174000000000 0.968300246042
0.175000000000 0.968275442174
0.176000000000 0.968250642528
0.177000000000 0.968225846783
0.178000000000 0.968201054635
0.179000000000 0.968176265795
0.180000000000 0.968151479989
0.181000000000 0.968126696959
0.182000000000 0.968101916460
0.183000000000 0.968077138259
0.184000000000 0.968052362135
0.185000000000 0.968027587880
0.186000000000 0.968002815296
0.187000000000 0.967978044196
0.188000000000 0.967953274403
0.189000000000 0.967928505747
0.190000000000 0.967903738070
0.191000000000 0.967878971220
0.192000000000 0.967854205055
0.193000000000 0.967829439438
0.194000000000 0.967804674242
0.195000000000 0.967779909344
0.196000000000 0.967755144629
0.197000000000 0.967730379988
0.198000000000 0.967705615317
0.199000000000 0.967680850518
0.200000000000 0.967656085497
0.201000000000 0.967631320167
0.202000000000 0.967606554443
0.203000000000 0.967581788248
0.204000000000 0.967557021505
0.205000000000 0.967532254144
0.206000000000 0.967507486096
0.207000000000 0.967482717299
0.208000000000 0.967457947692
0.209000000000 0.967433177216
0.210000000000 0.967408405819
0.211000000000 0.967383633447
0.212000000000 0.967358860054
0.213000000000 0.967334085591
0.214000000000 0.967309310015
0.215000000000 0.967284533285
0.216000000000 0.967259755360
0.217000000000 0.967234976205
0.218000000000 0.967210195783
0.219000000000 0.967185414060
0.220000000000 0.967160631004
0.221000000000 0.967135846587
0.222000000000 0.967111060778
0.223000000000 0.967086273551
0.224000000000 0.967061484879
0.225000000000 0.967036694740
0.226000000000 0.967011903108
0.227000000000 0.966987109963
0.228000000000 0.966962315283
0.229000000000 0.966937519050
0.230000000000 0.966912721243
0.231000000000 0.966887921846
0.232000000000 0.966863120841
0.233000000000 0.966838318212
0.234000000000 0.966813513945
0.235000000000 0.966788708025
0.236000000000 0.966763900438
0.237000000000 0.966739091171
0.238000000000 0.966714280213
0.239000000000 0.966689467550
0.240000000000 0.966664653173
0.241000000000 0.966639837071
0.242000000000 0.966615019233
0.243000000000 0.966590199651
0.244000000000 0.966565378315
0.245000000000 0.966540555217
0.246000000000 0.966515730349
0.247000000000 0.966490903703
0.248000000000 0.966466075271
0.249000000000 0.966441245047
0.250000000000 0.966416413024
0.251000000000 0.966391579196
0.252000000000 0.966366743557
0.253000000000 0.966341906101
0.254000000000 0.966317066823
0.255000000000 0.966292225717
0.256000000000 0.966267382780
0.257000000000 0.966242538005
0.258000000000 0.966217691389
0.259000000000 0.966192842928
0.260000000000 0.966167992618
0.261000000000 0.966143140454
0.262000000000 0.966118286433
0.263000000000 0.966093430552
0.264000000000 0.966068572807
0.265000000000 0.966043713196
0.266000000000 0.966018851715
0.267000000000 0.965993988361
0.268000000000 0.965969123132
0.269000000000 0.965944256025
0.270000000000 0.965919387038
0.271000000000 0.965894516167
0.272000000000 0.965869643412
0.273000000000 0.965844768770
0.274000000000 0.965819892238
0.275000000000 0.965795013816
0.276000000000 0.965770133500
0.277000000000 0.965745251289
0.278000000000 0.965720367181
0.279000000000 0.965695481176
0.280000000000 0.965670593270
0.281000000000 0.965645703463
0.282000000000 0.965620811753
0.283000000000 0.965595918138
0.284000000000 0.965571022618
0.285000000000 0.965546125191
0.286000000000 0.965521225856
0.287000000000 0.965496324612
0.288000000000 0.965471421457
0.289000000000 0.965446516390
0.290000000000 0.965421609410
0.291000000000 0.965396700517
0.292000000000 0.965371789709
0.293000000000 0.965346876985
0.294000000000 0.965321962344
0.295000000000 0.965297045786
0.296000000000 0.965272127310
0.297000000000 0.965247206914
0.298000000000 0.965222284598
0.299000000000 0.965197360361
0.300000000000 0.965172434202
0.301000000000 0.965147506121
0.302000000000 0.965122576116
0.303000000000 0.965097644188
0.304000000000 0.965072710335
0.305000000000 0.965047774557
0.306000000000 0.965022836853
0.307000000000 0.964997897223
0.308000000000 0.964972955665
0.309000000000 0.964948012179
0.310000000000 0.964923066766
0.311000000000 0.964898119423
0.312000000000 0.964873170150
0.313000000000 0.964848218948
0.314000000000 0.964823265814
0.315000000000 0.964798310750
0.316000000000 0.964773353754
0.317000000000 0.964748394825
0.318000000000 0.964723433964
0.319000000000 0.964698471170
0.320000000000 0.964673506442
0.321000000000 0.964648539779
0.322000000000 0.964623571182
0.323000000000 0.964598600650
0.324000000000 0.964573628181
0.325000000000 0.964548653777
0.326000000000 0.964523677436
0.327000000000 0.964498699159
0.328000000000 0.964473718943
0.329000000000 0.964448736790
0.330000000000 0.964423752699
0.331000000000 0.964398766668
0.332000000000 0.964373778699
0.333000000000 0.964348788789
0.334000000000 0.964323796940
0.335000000000 0.964298803150
0.336000000000 0.964273807419
0.337000000000 0.964248809747
0.338000000000 0.964223810134
0.339000000000 0.964198808578
0.340000000000 0.964173805080
0.341000000000 0.964148799638
0.342000000000 0.964123792254
0.343000000000 0.964098782925
0.344000000000 0.964073771653
0.345000000000 0.964048758436
0.346000000000 0.964023743274
0.347000000000 0.963998726167
0.348000000000 0.963973707114
0.349000000000 0.963948686116
0.350000000000 0.963923663171
0.351000000000 0.963898638279
0.352000000000 0.963873611439
0.353000000000 0.963848582653
0.354000000000 0.963823551918
0.355000000000 0.963798519235
0.356000000000 0.963773484603
0.357000000000 0.963748448023
0.358000000000 0.963723409493
0.359000000000 0.963698369013
0.360000000000 0.963673326582
0.361000000000 0.963648282202
0.362000000000 0.963623235870
0.363000000000 0.963598187587
0.364000000000 0.963573137353
0.365000000000 0.963548085166
0.366000000000 0.963523031027
0.367000000000 0.963497974935
0.368000000000 0.963472916890
0.369000000000 0.963447856892
0.370000000000 0.963422794940
0.371000000000 0.963397731033
0.372000000000 0.963372665172
0.373000000000 0.963347597356
0.374000000000 0.963322527585
0.375000000000 0.963297455858
0.376000000000 0.963272382175
0.377000000000 0.963247306536
0.378000000000 0.963222228940
0.379000000000 0.963197149386
0.380000000000 0.963172067876
0.381000000000 0.963146984407
0.382000000000 0.963121898980
0.383000000000 0.963096811595
0.384000000000 0.963071722250
0.385000000000 0.963046630947
0.386000000000 0.963021537683
0.387000000000 0.962996442460
0.388000000000 0.962971345276
0.389000000000 0.962946246132
0.390000000000 0.962921145026
0.391000000000 0.962896041959
0.392000000000 0.962870936930
0.393000000000 0.962845829939
0.394000000000 0.962820720986
0.395000000000 0.962795610069
0.396000000000 0.962770497189
0.397000000000 0.962745382346
0.398000000000 0.962720265539
0.399000000000 0.962695146767
0.400000000000 0.962670026030
0.401000000000 0.962644903329
0.402000000000 0.962619778662
0.403000000000 0.962594652029
0.404000000000 0.962569523430
0.405000000000 0.962544392865
0.406000000000 0.962519260333
0.407000000000 0.962494125833
0.408000000000 0.962468989366
0.409000000000 0.962443850931
0.410000000000 0.962418710528
0.411000000000 0.962393568156
0.412000000000 0.962368423815
0.413000000000 0.962343277504
0.414000000000 0.962318129224
0.415000000000 0.962292978974
0.416000000000 0.962267826753
0.417000000000 0.962242672561
0.418000000000 0.962217516398
0.419000000000 0.962192358264
0.420000000000 0.962167198157
0.421000000000 0.962142036079
0.422000000000 0.962116872027
0.423000000000 0.962091706003
0.424000000000 0.962066538006
0.425000000000 0.962041368034
0.426000000000 0.962016196089
0.427000000000 0.961991022169
0.428000000000 0.961965846274
0.429000000000 0.961940668404
0.430000000000 0.961915488559
0.431000000000 0.961890306737
0.432000000000 0.961865122940
0.433000000000 0.961839937165
0.434000000000 0.961814749414
0.435000000000 0.961789559686
0.436000000000 0.961764367979
0.437000000000 0.961739174295
0.438000000000 0.961713978632
0.439000000000 0.961688780990
0.440000000000 0.961663581370
0.441000000000 0.961638379769
0.442000000000 0.961613176189
0.443000000000 0.961587970629
0.444000000000 0.961562763088
0.445000000000 0.961537553566
0.446000000000 0.961512342062
0.447000000000 0.961487128577
0.448000000000 0.961461913110
0.449000000000 0.961436695660
0.450000000000 0.961411476228
0.451000000000 0.961386254812
0.452000000000 0.961361031413
0.453000000000 0.961335806030
0.454000000000 0.961310578663
0.455000000000 0.961285349311
0.456000000000 0.961260117975
0.457000000000 0.961234884652
0.458000000000 0.961209649345
0.459000000000 0.961184412051
0.460000000000 0.961159172770
0.461000000000 0.961133931503
0.462000000000 0.961108688249
0.463000000000 0.961083443007
0.464000000000 0.961058195777
0.465000000000 0.961032946559
0.466000000000 0.961007695352
0.467000000000 0.960982442157
0.468000000000 0.960957186972
0.469000000000 0.960931929797
0.470000000000 0.960906670632
0.471000000000 0.960881409477
0.472000000000 0.960856146330
0.473000000000 0.960830881193
0.474000000000 0.960805614064
0.475000000000 0.960780344943
0.476000000000 0.960755073830
0.477000000000 0.960729800724
0.478000000000 0.960704525626
0.479000000000 0.960679248533
0.480000000000 0.960653969448
0.481000000000 0.960628688368
0.482000000000 0.960603405293
0.483000000000 0.960578120224
0.484000000000 0.960552833159
0.485000000000 0.960527544099
0.486000000000 0.960502253043
0.487000000000 0.960476959990
0.488000000000 0.960451664941
0.489000000000 0.960426367895
0.490000000000 0.960401068851
0.491000000000 0.960375767809
0.492000000000 0.960350464770
0.493000000000 0.960325159731
0.494000000000 0.960299852694
0.495000000000 0.960274543658
0.496000000000 0.960249232622
0.497000000000 0.960223919586
0.498000000000 0.960198604550
0.499000000000 0.960173287512
0.500000000000 0.960147968474
0.501000000000 0.960122647434
0.502000000000 0.960097324393
0.503000000000 0.960071999349
0.504000000000 0.960046672303
0.505000000000 0.960021343253
0.506000000000 0.959996012200
0.507000000000 0.959970679144
0.508000000000 0.959945344084
0.509000000000 0.959920007019
0.510000000000 0.959894667949
0.511000000000 0.959869326874
0.512000000000 0.959843983794
0.513000000000 0.959818638707
0.514000000000 0.959793291615
0.515000000000 0.959767942515
0.516000000000 0.959742591409
0.517000000000 0.959717238295
0.518000000000 0.959691883174
0.519000000000 0.959666526044
0.520000000000 0.959641166906
0.521000000000 0.959615805759
0.522000000000 0.959590442602
0.523000000000 0.959565077436
0.524000000000 0.959539710260
0.525000000000 0.959514341074
0.526000000000 0.959488969877
0.527000000000 0.959463596669
0.528000000000 0.959438221449
0.529000000000 0.959412844217
0.530000000000 0.959387464973
0.531000000000 0.959362083717
0.532000000000 0.959336700448
0.533000000000 0.959311315165
0.534000000000 0.959285927869
0.535000000000 0.959260538558
0.536000000000 0.959235147233
0.537000000000 0.959209753893
0.538000000000 0.959184358538
0.539000000000 0.959158961167
0.540000000000 0.959133561781
0.541000000000 0.959108160378
0.542000000000 0.959082756958
0.543000000000 0.959057351521
0.544000000000 0.959031944067
0.545000000000 0.959006534595
0.546000000000 0.958981123105
0.547000000000 0.958955709596
0.548000000000 0.958930294068
0.549000000000 0.958904876521
0.550000000000 0.958879456955
0.551000000000 0.958854035368
0.552000000000 0.958828611760
0.553000000000 0.958803186132
0.554000000000 0.958777758483
0.555000000000 0.958752328812
0.556000000000 0.958726897119
0.557000000000 0.958701463404
0.558000000000 0.958676027666
0.559000000000 0.958650589905
0.560000000000 0.958625150121
0.561000000000 0.958599708313
0.562000000000 0.958574264480
0.563000000000 0.958548818623
0.564000000000 0.958523370742
0.565000000000 0.958497920834
0.566000000000 0.958472468901
0.567000000000 0.958447014942
0.568000000000 0.958421558957
0.569000000000 0.958396100945
0.570000000000 0.958370640905
0.571000000000 0.958345178838
0.572000000000 0.958319714743
0.573000000000 0.958294248619
0.574000000000 0.958268780467
0.575000000000 0.958243310286
0.576000000000 0.958217838075
0.577000000000 0.958192363835
0.578000000000 0.958166887564
0.579000000000 0.958141409263
0.580000000000 0.958115928930
0.581000000000 0.958090446567
0.582000000000 0.958064962171
0.583000000000 0.958039475744
0.584000000000 0.958013987284
0.585000000000 0.957988496791
0.586000000000 0.957963004265
0.587000000000 0.957937509705
0.588000000000 0.957912013111
0.589000000000 0.957886514483
0.590000000000 0.957861013820
0.591000000000 0.957835511122
0.592000000000 0.957810006388
0.593000000000 0.957784499619
0.594000000000 0.957758990813
0.595000000000 0.957733479971
0.596000000000 0.957707967091
0.597000000000 0.957682452174
0.598000000000 0.957656935220
0.599000000000 0.957631416227
0.600000000000 0.957605895195
0.601000000000 0.957580372125
0.602000000000 0.957554847015
0.603000000000 0.957529319866
0.604000000000 0.957503790676
0.605000000000 0.957478259447
0.606000000000 0.957452726176
0.607000000000 0.957427190864
0.608000000000 0.957401653510
0.609000000000 0.957376114115
0.610000000000 0.957350572677
0.611000000000 0.957325029196
0.612000000000 0.957299483672
0.613000000000 0.957273936105
0.614000000000 0.957248386494
0.615000000000 0.957222834838
0.616000000000 0.957197281138
0.617000000000 0.957171725393
0.618000000000 0.957146167603
0.619000000000 0.957120607766
0.620000000000 0.957095045884
0.621000000000 0.957069481955
0.622000000000 0.957043915979
0.623000000000 0.957018347955
0.624000000000 0.956992777884
0.625000000000 0.956967205765
0.626000000000 0.956941631597
0.627000000000 0.956916055381
0.628000000000 0.956890477115
0.629000000000 0.956864896800
0.630000000000 0.956839314434
0.631000000000 0.956813730019
0.632000000000 0.956788143552
0.633000000000 0.956762555034
0.634000000000 0.956736964465
0.635000000000 0.956711371844
0.636000000000 0.956685777170
0.637000000000 0.956660180444
0.638000000000 0.956634581665
0.639000000000 0.956608980832
0.640000000000 0.956583377945
0.641000000000 0.956557773004
0.642000000000 0.956532166009
0.643000000000 0.956506556958
0.644000000000 0.956480945852
0.645000000000 0.956455332690
0.646000000000 0.956429717473
0.647000000000 0.956404100198
0.648000000000 0.956378480867
0.649000000000 0.956352859478
0.650000000000 0.956327236031
0.651000000000 0.956301610527
0.652000000000 0.956275982964
0.653000000000 0.956250353342
0.654000000000 0.956224721660
0.655000000000 0.956199087920
0.656000000000 0.956173452119
0.657000000000 0.956147814257
0.658000000000 0.956122174335
0.659000000000 0.956096532352
0.660000000000 0.956070888307
0.661000000000 0.956045242199
0.662000000000 0.956019594030
0.663000000000 0.955993943798
0.664000000000 0.955968291503
0.665000000000 0.955942637144
0.666000000000 0.955916980721
0.667000000000 0.955891322234
0.668000000000 0.955865661682
0.669000000000 0.955839999065
0.670000000000 0.955814334382
0.671000000000 0.955788667633
0.672000000000 0.955762998819
0.673000000000 0.955737327937
0.674000000000 0.955711654989
0.675000000000 0.955685979972
0.676000000000 0.955660302889
0.677000000000 0.955634623736
0.678000000000 0.955608942515
0.679000000000 0.955583259225
0.680000000000 0.955557573866
0.681000000000 0.955531886437
0.682000000000 0.955506196937
0.683000000000 0.955480505367
0.684000000000 0.955454811726
0.685000000000 0.955429116013
0.686000000000 0.955403418228
0.687000000000 0.955377718371
0.688000000000 0.955352016442
0.689000000000 0.955326312439
0.690000000000 0.955300606363
0.691000000000 0.955274898213
0.692000000000 0.955249187989
0.693000000000 0.955223475690
0.694000000000 0.955197761316
0.695000000000 0.955172044866
0.696000000000 0.955146326341
0.697000000000 0.955120605739
0.698000000000 0.955094883060
0.699000000000 0.955069158305
0.700000000000 0.955043431471
0.701000000000 0.955017702560
0.702000000000 0.954991971570
0.703000000000 0.954966238502
0.704000000000 0.954940503354
0.705000000000 0.954914766127
0.706000000000 0.954889026819
0.707000000000 0.954863285431
0.708000000000 0.954837541962
0.709000000000 0.954811796412
0.710000000000 0.954786048780
0.711000000000 0.954760299065
0.712000000000 0.954734547268
0.713000000000 0.954708793388
0.714000000000 0.954683037424
0.715000000000 0.954657279376
0.716000000000 0.954631519244
0.717000000000 0.954605757026
0.718000000000 0.954579992724
0.719000000000 0.954554226335
0.720000000000 0.954528457861
0.721000000000 0.954502687299
0.722000000000 0.954476914650
0.723000000000 0.954451139914
0.724000000000 0.954425363089
0.725000000000 0.954399584176
0.726000000000 0.954373803174
0.727000000000 0.954348020082
0.728000000000 0.954322234899
0.729000000000 0.954296447626
0.730000000000 0.954270658262
0.731000000000 0.954244866807
0.732000000000 0.954219073259
0.733000000000 0.954193277618
0.734000000000 0.954167479884
0.735000000000 0.954141680056
0.736000000000 0.954115878134
0.737000000000 0.954090074117
0.738000000000 0.954064268004
0.739000000000 0.954038459796
0.740000000000 0.954012649490
0.741000000000 0.953986837087
0.742000000000 0.953961022587
0.743000000000 0.953935205988
0.744000000000 0.953909387289
0.745000000000 0.953883566491
0.746000000000 0.953857743592
0.747000000000 0.953831918593
0.748000000000 0.953806091491
0.749000000000 0.953780262287
0.750000000000 0.953754430979
0.751000000000 0.953728597567
0.752000000000 0.953702762051
0.753000000000 0.953676924428
0.754000000000 0.953651084700
0.755000000000 0.953625242864
0.756000000000 0.953599398920
0.757000000000 0.953573552867
0.758000000000 0.953547704704
0.759000000000 0.953521854430
0.760000000000 0.953496002045
0.761000000000 0.953470147546
0.762000000000 0.953444290934
0.763000000000 0.953418432207
0.764000000000 0.953392571364
0.765000000000 0.953366708404
0.766000000000 0.953340843325
0.767000000000 0.953314976127
0.768000000000 0.953289106808
0.769000000000 0.953263235367
0.770000000000 0.953237361803
0.771000000000 0.953211486114
0.772000000000 0.953185608299
0.773000000000 0.953159728355
0.774000000000 0.953133846283
0.775000000000 0.953107962079
0.776000000000 0.953082075743
0.777000000000 0.953056187272
0.778000000000 0.953030296665
0.779000000000 0.953004403919
0.780000000000 0.952978509033
0.781000000000 0.952952612005
0.782000000000 0.952926712832
0.783000000000 0.952900811512
0.784000000000 0.952874908043
0.785000000000 0.952849002422
0.786000000000 0.952823094646
0.787000000000 0.952797184713
0.788000000000 0.952771272621
0.789000000000 0.952745358365
0.790000000000 0.952719441943
0.791000000000 0.952693523352
0.792000000000 0.952667602587
0.793000000000 0.952641679647
0.794000000000 0.952615754526
0.795000000000 0.952589827220
0.796000000000 0.952563897727
0.797000000000 0.952537966040
0.798000000000 0.952512032157
0.799000000000 0.952486096071
0.800000000000 0.952460157778
0.801000000000 0.952434217273
0.802000000000 0.952408274550
0.803000000000 0.952382329603
0.804000000000 0.952356382427
0.805000000000 0.952330433014
0.806000000000 0.952304481358
0.807000000000 0.952278527452
0.808000000000 0.952252571289
0.809000000000 0.952226612860
0.810000000000 0.952200652158
0.811000000000 0.952174689174
0.812000000000 0.952148723898
0.813000000000 0.952122756322
0.814000000000 0.952096786435
0.815000000000 0.952070814226
0.816000000000 0.952044839685
0.817000000000 0.952018862800
0.818000000000 0.951992883559
0.819000000000 0.951966901948
0.820000000000 0.951940917954
0.821000000000 0.951914931562
0.822000000000 0.951888942759
0.823000000000 0.951862951527
0.824000000000 0.951836957850
0.825000000000 0.951810961711
0.826000000000 0.951784963091
0.827000000000 0.951758961970
0.828000000000 0.951732958329
0.829000000000 0.951706952145
0.830000000000 0.951680943395
0.831000000000 0.951654932057
0.832000000000 0.951628918105
0.833000000000 0.951602901511
0.834000000000 0.951576882249
0.835000000000 0.951550860289
0.836000000000 0.951524835600
0.837000000000 0.951498808149
0.838000000000 0.951472777902
0.839000000000 0.951446744823
0.840000000000 0.951420708874
0.841000000000 0.951394670015
0.842000000000 0.951368628203
0.843000000000 0.951342583394
0.844000000000 0.951316535541
0.845000000000 0.951290484595
0.846000000000 0.951264430503
0.847000000000 0.951238373212
0.848000000000 0.951212312663
0.849000000000 0.951186248795
0.850000000000 0.951160181544
0.851000000000 0.951134110844
0.852000000000 0.951108036622
0.853000000000 0.951081958805
0.854000000000 0.951055877313
0.855000000000 0.951029792063
0.856000000000 0.951003702967
0.857000000000 0.950977609934
0.858000000000 0.950951512866
0.859000000000 0.950925411661
0.860000000000 0.950899306211
0.861000000000 0.950873196402
0.862000000000 0.950847082116
0.863000000000 0.950820963224
0.864000000000 0.950794839596
0.865000000000 0.950768711090
0.866000000000 0.950742577560
0.867000000000 0.950716438850
0.868000000000 0.950690294795
0.869000000000 0.950664145225
0.870000000000 0.950637989956
0.871000000000 0.950611828798
0.872000000000 0.950585661549
0.873000000000 0.950559487995
0.874000000000 0.950533307914
0.875000000000 0.950507121069
0.876000000000 0.950480927211
0.877000000000 0.950454726078
0.878000000000 0.950428517396
0.879000000000 0.950402300871
0.880000000000 0.950376076199
0.881000000000 0.950349843056
0.882000000000 0.950323601102
0.883000000000 0.950297349978
0.884000000000 0.950271089307
0.885000000000 0.950244818691
0.886000000000 0.950218537710
0.887000000000 0.950192245923
0.888000000000 0.950165942864
0.889000000000 0.950139628042
0.890000000000 0.950113300942
0.891000000000 0.950086961017
0.892000000000 0.950060607695
0.893000000000 0.950034240371
0.894000000000 0.950007858408
0.895000000000 0.949981461134
0.896000000000 0.949955047843
0.897000000000 0.949928617789
0.898000000000 0.949902170188
0.899000000000 0.949875704211
0.900000000000 0.949849218988
0.901000000000 0.949822713601
0.902000000000 0.949796187080
0.903000000000 0.949769638408
0.904000000000 0.949743066510
0.905000000000 0.949716470253
0.906000000000 0.949689848446
0.907000000000 0.949663199831
0.908000000000 0.949636523086
0.909000000000 0.949609816814
0.910000000000 0.949583079547
0.911000000000 0.949556309735
0.912000000000 0.949529505747
0.913000000000 0.949502665864
0.914000000000 0.949475788275
0.915000000000 0.949448871071
0.916000000000 0.949421912241
0.917000000000 0.949394909666
0.918000000000 0.949367861115
0.919000000000 0.949340764235
0.920000000000 0.949313616549
0.921000000000 0.949286415445
0.922000000000 0.949259158173
0.923000000000 0.949231841834
0.924000000000 0.949204463375
0.925000000000 0.949177019578
0.926000000000 0.949149507053
0.927000000000 0.949121922228
0.928000000000 0.949094261341
0.929000000000 0.949066520427
0.930000000000 0.949038695309
0.931000000000 0.949010781585
0.932000000000 0.948982774618
0.933000000000 0.948954669524
0.934000000000 0.948926461154
0.935000000000 0.948898144087
0.936000000000 0.948869712607
0.937000000000 0.948841160696
0.938000000000 0.948812482011
0.939000000000 0.948783669871
0.940000000000 0.948754717234
0.941000000000 0.948725616685
0.942000000000 0.948696360409
0.943000000000 0.948666940173
0.944000000000 0.948637347302
0.945000000000 0.948607572659
0.946000000000 0.948577606616
0.947000000000 0.948547439029
0.948000000000 0.948517059212
0.949000000000 0.948486455906
0.950000000000 0.948455617250
0.951000000000 0.948424530747
0.952000000000 0.948393183231
0.953000000000 0.948361560832
0.954000000000 0.948329648937
0.955000000000 0.948297432152
0.956000000000 0.948264894257
0.957000000000 0.948232018165
0.958000000000 0.948198785876
0.959000000000 0.948165178425
0.960000000000 0.948131175833
0.961000000000 0.948096757051
0.962000000000 0.948061899905
0.963000000000 0.948026581035
0.964000000000 0.947990775832
0.965000000000 0.947954458368
0.966000000000 0.947917601332
0.967000000000 0.947880175950
0.968000000000 0.947842151910
0.969000000000 0.947803497281
0.970000000000 0.947764178421
0.971000000000 0.947724159893
0.972000000000 0.947683404366
0.973000000000 0.947641872512
0.974000000000 0.947599522901
0.975000000000 0.947556311892
0.976000000000 0.947512193510
0.977000000000 0.947467119324
0.978000000000 0.947421038317
0.979000000000 0.947373896746
0.980000000000 0.947325638000
0.981000000000 0.947276202443
0.982000000000 0.947225527257
0.983000000000 0.947173546269
0.984000000000 0.947120189777
0.985000000000 0.947065384356
0.986000000000 0.947009052665
0.987000000000 0.946951113238
0.988000000000 0.946891480262
0.989000000000 0.946830063351
0.990000000000 0.946766767295
0.991000000000 0.946701491813
0.992000000000 0.946634131276
0.993000000000 0.946564574431
0.994000000000 0.946492704093
0.995000000000 0.946418396840
0.996000000000 0.946341522675
0.997000000000 0.946261944683
0.998000000000 0.946179518660
0.999000000000 0.946094092731
1.000000000000 0.946005506944
1.001000000000 0.943161446297
1.002000000000 0.940468162877
1.003000000000 0.937916946645
1.004000000000 0.935499633353
1.005000000000 0.933208565917
1.006000000000 0.931036558979
1.007000000000 0.928976866350
1.008000000000 0.927023151054
1.009000000000 0.925169457734
1.010000000000 0.923410187195
1.011000000000 0.921740072911
1.012000000000 0.920154159284
1.013000000000 0.918647781541
1.014000000000 0.917216547101
1.015000000000 0.915856318288
1.016000000000 0.914563196293
1.017000000000 0.913333506267
1.018000000000 0.912163783452
1.019000000000 0.911050760279
1.020000000000 0.909991354343
1.021000000000 0.908982657190
1.022000000000 0.908021923864
1.023000000000 0.907106563132
1.024000000000 0.906234128366
1.025000000000 0.905402309003
1.026000000000 0.904608922567
1.027000000000 0.903851907194
1.028000000000 0.903129314631
1.029000000000 0.902439303675
1.030000000000 0.901780134020
1.031000000000 0.901150160486
1.032000000000 0.900547827602
1.033000000000 0.899971664514
1.034000000000 0.899420280209
1.035000000000 0.898892359018
1.036000000000 0.898386656397
1.037000000000 0.897901994948
1.038000000000 0.897437260682
1.039000000000 0.896991399501
1.040000000000 0.896563413879
1.041000000000 0.896152359747
1.042000000000 0.895757343547
1.043000000000 0.895377519459
1.044000000000 0.895012086794
1.045000000000 0.894660287523
1.046000000000 0.894321403955
1.047000000000 0.893994756547
1.048000000000 0.893679701831
1.049000000000 0.893375630462
1.050000000000 0.893081965375
1.051000000000 0.892798160043
1.052000000000 0.892523696833
1.053000000000 0.892258085453
1.054000000000 0.892000861488
1.055000000000 0.891751585006
1.056000000000 0.891509839255
1.057000000000 0.891275229421
1.058000000000 0.891047381460
1.059000000000 0.890825940986
1.060000000000 0.890610572231
1.061000000000 0.890400957052
1.062000000000 0.890196793995
1.063000000000 0.889997797409
1.064000000000 0.889803696611
1.065000000000 0.889614235092
1.066000000000 0.889429169766
1.067000000000 0.889248270264
1.068000000000 0.889071318259
1.069000000000 0.888898106832
1.070000000000 0.888728439874
1.071000000000 0.888562131510
1.072000000000 0.888399005566
1.073000000000 0.888238895056
1.074000000000 0.888081641698
1.075000000000 0.887927095462
1.076000000000 0.887775114130
1.077000000000 0.887625562892
1.078000000000 0.887478313951
1.079000000000 0.887333246165
1.080000000000 0.887190244688
1.081000000000 0.887049200647
1.082000000000 0.886910010829
1.083000000000 0.886772577382
1.084000000000 0.886636807537
1.085000000000 0.886502613342
1.086000000000 0.886369911411
1.087000000000 0.886238622683
1.088000000000 0.886108672200
1.089000000000 0.885979988890
1.090000000000 0.885852505368
1.091000000000 0.885726157738
1.092000000000 0.885600885417
1.093000000000 0.885476630959
1.094000000000 0.885353339894
1.095000000000 0.885230960570
1.096000000000 0.885109444009
1.097000000000 0.884988743768
1.098000000000 0.884868815805
1.099000000000 0.884749618356
1.100000000000 0.884631111816
1.101000000000 0.884513258627
1.102000000000 0.884396023171
1.103000000000 0.884279371671
1.104000000000 0.884163272093
1.105000000000 0.884047694057
1.106000000000 0.883932608753
1.107000000000 0.883817988854
1.108000000000 0.883703808446
1.109000000000 0.883590042949
1.110000000000 0.883476669052
1.111000000000 0.883363664645
1.112000000000 0.883251008756
1.113000000000 0.883138681495
1.114000000000 0.883026663995
1.115000000000 0.882914938362
1.116000000000 0.882803487620
1.117000000000 0.882692295671
1.118000000000 0.882581347240
1.119000000000 0.882470627842
1.120000000000 0.882360123733
1.121000000000 0.882249821877
1.122000000000 0.882139709908
1.123000000000 0.882029776094
1.124000000000 0.881920009306
1.125000000000 0.881810398986
1.126000000000 0.881700935118
1.127000000000 0.881591608199
1.128000000000 0.881482409213
1.129000000000 0.881373329607
1.130000000000 0.881264361266
1.131000000000 0.881155496489
1.132000000000 0.881046727972
1.133000000000 0.880938048782
1.134000000000 0.880829452342
1.135000000000 0.880720932410
1.136000000000 0.880612483064
1.137000000000 0.880504098685
1.138000000000 0.880395773940
1.139000000000 0.880287503767
1.140000000000 0.880179283364
1.141000000000 0.880071108172
1.142000000000 0.879962973866
1.143000000000 0.879854876340
1.144000000000 0.879746811698
1.145000000000 0.879638776240
1.146000000000 0.879530766456
1.147000000000 0.879422779013
1.148000000000 0.879314810748
1.149000000000 0.879206858658
1.150000000000 0.879098919891
1.151000000000 0.878990991742
1.152000000000 0.878883071640
1.153000000000 0.878775157145
1.154000000000 0.878667245942
1.155000000000 0.878559335829
1.156000000000 0.878451424719
1.157000000000 0.878343510627
1.158000000000 0.878235591669
1.159000000000 0.878127666056
1.160000000000 0.878019732088
1.161000000000 0.877911788150
1.162000000000 0.877803832709
1.163000000000 0.877695864307
1.164000000000 0.877587881561
1.165000000000 0.877479883154
1.166000000000 0.877371867837
1.167000000000 0.877263834422
1.168000000000 0.877155781779
1.169000000000 0.877047708836
1.170000000000 0.876939614573
1.171000000000 0.876831498019
1.172000000000 0.876723358253
1.173000000000 0.876615194397
1.174000000000 0.876507005618
1.175000000000 0.876398791123
1.176000000000 0.876290550156
1.177000000000 0.876182282001
1.178000000000 0.876073985974
1.179000000000 0.875965661424
1.180000000000 0.875857307735
1.181000000000 0.875748924315
1.182000000000 0.875640510605
1.183000000000 0.875532066071
1.184000000000 0.875423590204
1.185000000000 0.875315082519
1.186000000000 0.875206542554
1.187000000000 0.875097969870
1.188000000000 0.874989364048
1.189000000000 0.874880724686
1.190000000000 0.874772051404
1.191000000000 0.874663343838
1.192000000000 0.874554601641
1.193000000000 0.874445824481
1.194000000000 0.874337012042
1.195000000000 0.874228164022
1.196000000000 0.874119280133
1.197000000000 0.874010360097
1.198000000000 0.873901403653
1.199000000000 0.873792410548
1.200000000000 0.873683380540
1.201000000000 0.873574313399
1.202000000000 0.873465208904
1.203000000000 0.873356066843
1.204000000000 0.873246887015
1.205000000000 0.873137669224
1.206000000000 0.873028413284
1.207000000000 0.872919119018
1.208000000000 0.872809786252
1.209000000000 0.872700414823
1.210000000000 0.872591004573
1.211000000000 0.872481555348
1.212000000000 0.872372067004
1.213000000000 0.872262539400
1.214000000000 0.872152972399
1.215000000000 0.872043365872
1.216000000000 0.871933719693
1.217000000000 0.871824033740
1.218000000000 0.871714307897
1.219000000000 0.871604542050
1.220000000000 0.871494736091
1.221000000000 0.871384889913
1.222000000000 0.871275003415
1.223000000000 0.871165076497
1.224000000000 0.871055109065
1.225000000000 0.870945101024
1.226000000000 0.870835052286
1.227000000000 0.870724962762
1.228000000000 0.870614832368
1.229000000000 0.870504661022
1.230000000000 0.870394448642
1.231000000000 0.870284195151
1.232000000000 0.870173900472
1.233000000000 0.870063564532
1.234000000000 0.869953187257
1.235000000000 0.869842768578
1.236000000000 0.869732308425
1.237000000000 0.869621806730
1.238000000000 0.869511263428
1.239000000000 0.869400678454
1.240000000000 0.869290051744
1.241000000000 0.869179383237
1.242000000000 0.869068672871
1.243000000000 0.868957920587
1.244000000000 0.868847126325
1.245000000000 0.868736290029
1.246000000000 0.868625411641
1.247000000000 0.868514491106
1.248000000000 0.868403528368
1.249000000000 0.868292523373
1.250000000000 0.868181476067
1.251000000000 0.868070386399
1.252000000000 0.867959254315
1.253000000000 0.867848079765
1.254000000000 0.867736862697
1.255000000000 0.867625603061
1.256000000000 0.867514300807
1.257000000000 0.867402955887
1.258000000000 0.867291568252
1.259000000000 0.867180137852
1.260000000000 0.867068664641
1.261000000000 0.866957148571
1.262000000000 0.866845589595
1.263000000000 0.866733987665
1.264000000000 0.866622342737
1.265000000000 0.866510654763
1.266000000000 0.866398923699
1.267000000000 0.866287149498
1.268000000000 0.866175332115
1.269000000000 0.866063471506
1.270000000000 0.865951567625
1.271000000000 0.865839620429
1.272000000000 0.865727629873
1.273000000000 0.865615595912
1.274000000000 0.865503518503
1.275000000000 0.865391397603
1.276000000000 0.865279233167
1.277000000000 0.865167025152
1.278000000000 0.865054773515
1.279000000000 0.864942478212
1.280000000000 0.864830139201
1.281000000000 0.864717756439
1.282000000000 0.864605329882
1.283000000000 0.864492859488
1.284000000000 0.864380345215
1.285000000000 0.864267787019
1.286000000000 0.864155184858
1.287000000000 0.864042538689
1.288000000000 0.863929848471
1.289000000000 0.863817114160
1.290000000000 0.863704335715
1.291000000000 0.863591513093
1.292000000000 0.863478646251
1.293000000000 0.863365735149
1.294000000000 0.863252779743
1.295000000000 0.863139779990
1.296000000000 0.863026735850
1.297000000000 0.862913647280
1.298000000000 0.862800514238
1.299000000000 0.862687336681
1.300000000000 0.862574114568
1.301000000000 0.862460847856
1.302000000000 0.862347536503
1.303000000000 0.862234180467
1.304000000000 0.862120779707
1.305000000000 0.862007334178
1.306000000000 0.861893843841
1.307000000000 0.861780308652
1.308000000000 0.861666728568
1.309000000000 0.861553103549
1.310000000000 0.861439433551
1.311000000000 0.861325718533
1.312000000000 0.861211958452
1.313000000000 0.861098153265
1.314000000000 0.860984302930
1.315000000000 0.860870407406
1.316000000000 0.860756466649
1.317000000000 0.860642480616
1.318000000000 0.860528449267
1.319000000000 0.860414372557
1.320000000000 0.860300250444
1.321000000000 0.860186082886
1.322000000000 0.860071869840
1.323000000000 0.859957611263
1.324000000000 0.859843307112
1.325000000000 0.859728957346
1.326000000000 0.859614561920
1.327000000000 0.859500120792
1.328000000000 0.859385633919
1.329000000000 0.859271101257
1.330000000000 0.859156522765
1.331000000000 0.859041898399
1.332000000000 0.858927228115
1.333000000000 0.858812511871
1.334000000000 0.858697749623
1.335000000000 0.858582941328
1.336000000000 0.858468086942
1.337000000000 0.858353186423
1.338000000000 0.858238239726
1.339000000000 0.858123246809
1.340000000000 0.858008207627
1.341000000000 0.857893122136
1.342000000000 0.857777990295
1.343000000000 0.857662812057
1.344000000000 0.857547587380
1.345000000000 0.857432316220
1.346000000000 0.857316998533
1.347000000000 0.857201634275
1.348000000000 0.857086223401
1.349000000000 0.856970765869
1.350000000000 0.856855261633
1.351000000000 0.856739710649
1.352000000000 0.856624112873
1.353000000000 0.856508468261
1.354000000000 0.856392776768
1.355000000000 0.856277038350
1.356000000000 0.856161252962
1.357000000000 0.856045420560
1.358000000000 0.855929541099
1.359000000000 0.855813614534
1.360000000000 0.855697640820
1.361000000000 0.855581619913
1.362000000000 0.855465551768
1.363000000000 0.855349436339
1.364000000000 0.855233273582
1.365000000000 0.855117063452
1.366000000000 0.855000805903
1.367000000000 0.854884500890
1.368000000000 0.854768148368
1.369000000000 0.854651748291
1.370000000000 0.854535300614
1.371000000000 0.854418805291
1.372000000000 0.854302262278
1.373000000000 0.854185671527
1.374000000000 0.854069032995
1.375000000000 0.853952346633
1.376000000000 0.853835612398
1.377000000000 0.853718830243
1.378000000000 0.853602000121
1.379000000000 0.853485121988
1.380000000000 0.853368195796
1.381000000000 0.853251221500
1.382000000000 0.853134199053
1.383000000000 0.853017128410
1.384000000000 0.852900009522
1.385000000000 0.852782842345
1.386000000000 0.852665626832
1.387000000000 0.852548362936
1.388000000000 0.852431050610
1.389000000000 0.852313689807
1.390000000000 0.852196280481
1.391000000000 0.852078822586
1.392000000000 0.851961316073
1.393000000000 0.851843760895
1.394000000000 0.851726157007
1.395000000000 0.851608504361
1.396000000000 0.851490802908
1.397000000000 0.851373052603
1.398000000000 0.851255253397
1.399000000000 0.851137405244
1.400000000000 0.851019508095
1.401000000000 0.850901561904
1.402000000000 0.850783566622
1.403000000000 0.850665522201
1.404000000000 0.850547428594
1.405000000000 0.850429285753
1.406000000000 0.850311093631
1.407000000000 0.850192852178
1.408000000000 0.850074561347
1.409000000000 0.849956221089
1.410000000000 0.849837831357
1.411000000000 0.849719392102
1.412000000000 0.849600903276
1.413000000000 0.849482364830
1.414000000000 0.849363776715
1.415000000000 0.849245138883
1.416000000000 0.849126451286
1.417000000000 0.849007713874
1.418000000000 0.848888926598
1.419000000000 0.848770089411
1.420000000000 0.848651202262
1.421000000000 0.848532265102
1.422000000000 0.848413277883
1.423000000000 0.848294240556
1.424000000000 0.848175153070
1.425000000000 0.848056015376
1.426000000000 0.847936827426
1.427000000000 0.847817589169
1.428000000000 0.847698300556
1.429000000000 0.847578961537
1.430000000000 0.847459572063
1.431000000000 0.847340132083
1.432000000000 0.847220641548
1.433000000000 0.847101100407
1.434000000000 0.846981508611
1.435000000000 0.846861866109
1.436000000000 0.846742172852
1.437000000000 0.846622428788
1.438000000000 0.846502633868
1.439000000000 0.846382788041
1.440000000000 0.846262891256
1.441000000000 0.846142943463
1.442000000000 0.846022944611
1.443000000000 0.845902894650
1.444000000000 0.845782793527
1.445000000000 0.845662641194
1.446000000000 0.845542437597
1.447000000000 0.845422182687
1.448000000000 0.845301876413
1.449000000000 0.845181518722
1.450000000000 0.845061109563
1.451000000000 0.844940648886
1.452000000000 0.844820136639
1.453000000000 0.844699572769
1.454000000000 0.844578957226
1.455000000000 0.844458289957
1.456000000000 0.844337570911
1.457000000000 0.844216800036
1.458000000000 0.844095977279
1.459000000000 0.843975102590
1.460000000000 0.843854175915
1.461000000000 0.843733197202
1.462000000000 0.843612166399
1.463000000000 0.843491083454
1.464000000000 0.843369948314
1.465000000000 0.843248760927
1.466000000000 0.843127521239
1.467000000000 0.843006229198
1.468000000000 0.842884884752
1.469000000000 0.842763487847
1.470000000000 0.842642038431
1.471000000000 0.842520536450
1.472000000000 0.842398981850
1.473000000000 0.842277374580
1.474000000000 0.842155714586
1.475000000000 0.842034001813
1.476000000000 0.841912236209
1.477000000000 0.841790417720
1.478000000000 0.841668546292
1.479000000000 0.841546621872
1.480000000000 0.841424644406
1.481000000000 0.841302613840
1.482000000000 0.841180530119
1.483000000000 0.841058393190
1.484000000000 0.840936202998
1.485000000000 0.840813959490
1.486000000000 0.840691662610
1.487000000000 0.840569312305
1.488000000000 0.840446908519
1.489000000000 0.840324451199
1.490000000000 0.840201940289
1.491000000000 0.840079375735
1.492000000000 0.839956757482
1.493000000000 0.839834085475
1.494000000000 0.839711359658
1.495000000000 0.839588579976
1.496000000000 0.839465746375
1.497000000000 0.839342858799
1.498000000000 0.839219917193
1.499000000000 0.839096921500
1.500000000000 0.838973871666
1.501000000000 0.838850767635
1.502000000000 0.838727609350
1.503000000000 0.838604396757
1.504000000000 0.838481129798
1.505000000000 0.838357808419
1.506000000000 0.838234432562
1.507000000000 0.838111002172
1.508000000000 0.837987517192
1.509000000000 0.837863977566
1.510000000000 0.837740383238
1.511000000000 0.837616734150
1.512000000000 0.837493030246
1.513000000000 0.837369271469
1.514000000000 0.837245457762
1.515000000000 0.837121589069
1.516000000000 0.836997665332
1.517000000000 0.836873686494
1.518000000000 0.836749652498
1.519000000000 0.836625563286
1.520000000000 0.836501418801
1.521000000000 0.836377218986
1.522000000000 0.836252963782
1.523000000000 0.836128653132
1.524000000000 0.836004286979
1.525000000000 0.835879865264
1.526000000000 0.835755387929
1.527000000000 0.835630854916
1.528000000000 0.835506266167
1.529000000000 0.835381621624
1.530000000000 0.835256921228
1.531000000000 0.835132164921
1.532000000000 0.835007352643
1.533000000000 0.834882484337
1.534000000000 0.834757559944
1.535000000000 0.834632579404
1.536000000000 0.834507542659
1.537000000000 0.834382449649
1.538000000000 0.834257300316
1.539000000000 0.834132094600
1.540000000000 0.834006832442
1.541000000000 0.833881513782
1.542000000000 0.833756138560
1.543000000000 0.833630706717
1.544000000000 0.833505218194
1.545000000000 0.833379672930
1.546000000000 0.833254070865
1.547000000000 0.833128411939
1.548000000000 0.833002696092
1.549000000000 0.832876923263
1.550000000000 0.832751093393
1.551000000000 0.832625206421
1.552000000000 0.832499262285
1.553000000000 0.832373260926
1.554000000000 0.832247202283
1.555000000000 0.832121086295
1.556000000000 0.831994912900
1.557000000000 0.831868682037
1.558000000000 0.831742393646
1.559000000000 0.831616047665
1.560000000000 0.831489644032
1.561000000000 0.831363182686
1.562000000000 0.831236663566
1.563000000000 0.831110086609
1.564000000000 0.830983451753
1.565000000000 0.830856758938
1.566000000000 0.830730008100
1.567000000000 0.830603199177
1.568000000000 0.830476332108
1.569000000000 0.830349406829
1.570000000000 0.830222423278
1.571000000000 0.830095381393
1.572000000000 0.829968281110
1.573000000000 0.829841122368
1.574000000000 0.829713905102
1.575000000000 0.829586629250
1.576000000000 0.829459294749
1.577000000000 0.829331901536
1.578000000000 0.829204449546
1.579000000000 0.829076938716
1.580000000000 0.828949368984
1.581000000000 0.828821740284
1.582000000000 0.828694052553
1.583000000000 0.828566305727
1.584000000000 0.828438499743
1.585000000000 0.828310634535
1.586000000000 0.828182710039
1.587000000000 0.828054726191
1.588000000000 0.827926682927
1.589000000000 0.827798580181
1.590000000000 0.827670417889
1.591000000000 0.827542195985
1.592000000000 0.827413914405
1.593000000000 0.827285573084
1.594000000000 0.827157171955
1.595000000000 0.827028710955
1.596000000000 0.826900190016
1.597000000000 0.826771609073
1.598000000000 0.826642968061
1.599000000000 0.826514266913
1.600000000000 0.826385505564
1.601000000000 0.826256683947
1.602000000000 0.826127801995
1.603000000000 0.825998859642
1.604000000000 0.825869856822
1.605000000000 0.825740793468
1.606000000000 0.825611669512
1.607000000000 0.825482484887
1.608000000000 0.825353239528
1.609000000000 0.825223933365
1.610000000000 0.825094566331
1.611000000000 0.824965138360
1.612000000000 0.824835649382
1.613000000000 0.824706099330
1.614000000000 0.824576488137
1.615000000000 0.824446815732
1.616000000000 0.824317082049
1.617000000000 0.824187287019
1.618000000000 0.824057430572
1.619000000000 0.823927512640
1.620000000000 0.823797533153
1.621000000000 0.823667492043
1.622000000000 0.823537389240
1.623000000000 0.823407224675
1.624000000000 0.823276998277
1.625000000000 0.823146709976
1.626000000000 0.823016359703
1.627000000000 0.822885947387
1.628000000000 0.822755472957
1.629000000000 0.822624936343
1.630000000000 0.822494337473
1.631000000000 0.822363676277
1.632000000000 0.822232952684
1.633000000000 0.822102166620
1.634000000000 0.821971318016
1.635000000000 0.821840406798
1.636000000000 0.821709432895
1.637000000000 0.821578396234
1.638000000000 0.821447296742
1.639000000000 0.821316134346
1.640000000000 0.821184908973
1.641000000000 0.821053620550
1.642000000000 0.820922269002
1.643000000000 0.820790854256
1.644000000000 0.820659376238
1.645000000000 0.820527834873
1.646000000000 0.820396230085
1.647000000000 0.820264561800
1.648000000000 0.820132829943
1.649000000000 0.820001034437
1.650000000000 0.819869175206
1.651000000000 0.819737252175
1.652000000000 0.819605265265
1.653000000000 0.819473214400
1.654000000000 0.819341099502
1.655000000000 0.819208920494
1.656000000000 0.819076677297
1.657000000000 0.818944369831
1.658000000000 0.818811998019
1.659000000000 0.818679561780
1.660000000000 0.818547061035
1.661000000000 0.818414495703
1.662000000000 0.818281865702
1.663000000000 0.818149170952
1.664000000000 0.818016411369
1.665000000000 0.817883586873
1.666000000000 0.817750697380
1.667000000000 0.817617742805
1.668000000000 0.817484723065
1.669000000000 0.817351638075
1.670000000000 0.817218487748
1.671000000000 0.817085272000
1.672000000000 0.816951990744
1.673000000000 0.816818643890
1.674000000000 0.816685231352
1.675000000000 0.816551753040
1.676000000000 0.816418208864
1.677000000000 0.816284598733
1.678000000000 0.816150922556
1.679000000000 0.816017180241
1.680000000000 0.815883371693
1.681000000000 0.815749496818
1.682000000000 0.815615555521
1.683000000000 0.815481547705
1.684000000000 0.815347473273
1.685000000000 0.815213332126
1.686000000000 0.815079124164
1.687000000000 0.814944849286
1.688000000000 0.814810507388
1.689000000000 0.814676098369
1.690000000000 0.814541622121
1.691000000000 0.814407078539
1.692000000000 0.814272467513
1.693000000000 0.814137788936
1.694000000000 0.814003042694
1.695000000000 0.813868228674
1.696000000000 0.813733346762
1.697000000000 0.813598396841
1.698000000000 0.813463378791
1.699000000000 0.813328292492
1.700000000000 0.813193137821
1.701000000000 0.813057914652
1.702000000000 0.812922622858
1.703000000000 0.812787262309
1.704000000000 0.812651832871
1.705000000000 0.812516334411
1.706000000000 0.812380766788
1.707000000000 0.812245129864
1.708000000000 0.812109423494
1.709000000000 0.811973647530
1.710000000000 0.811837801822
1.711000000000 0.811701886217
1.712000000000 0.811565900557
1.713000000000 0.811429844681
1.714000000000 0.811293718423
1.715000000000 0.811157521615
1.716000000000 0.811021254083
1.717000000000 0.810884915649
1.718000000000 0.810748506130
1.719000000000 0.810612025340
1.720000000000 0.810475473084
1.721000000000 0.810338849166
1.722000000000 0.810202153382
1.723000000000 0.810065385523
1.724000000000 0.809928545372
1.725000000000 0.809791632709
1.726000000000 0.809654647305
1.727000000000 0.809517588925
1.728000000000 0.809380457325
1.729000000000 0.809243252256
1.730000000000 0.809105973460
1.731000000000 0.808968620670
1.732000000000 0.808831193611
1.733000000000 0.808693691999
1.734000000000 0.808556115540
1.735000000000 0.808418463930
1.736000000000 0.808280736857
1.737000000000 0.808142933994
1.738000000000 0.808005055006
1.739000000000 0.807867099546
1.740000000000 0.807729067252
1.741000000000 0.807590957752
1.742000000000 0.807452770659
1.743000000000 0.807314505573
1.744000000000 0.807176162077
1.745000000000 0.807037739740
1.746000000000 0.806899238116
1.747000000000 0.806760656740
1.748000000000 0.806621995131
1.749000000000 0.806483252787
1.750000000000 0.806344429191
1.751000000000 0.806205523802
1.752000000000 0.806066536059
1.753000000000 0.805927465380
1.754000000000 0.805788311159
1.755000000000 0.805649072765
1.756000000000 0.805509749543
1.757000000000 0.805370340812
1.758000000000 0.805230845863
1.759000000000 0.805091263957
1.760000000000 0.804951594327
1.761000000000 0.804811836173
1.762000000000 0.804671988662
1.763000000000 0.804532050928
1.764000000000 0.804392022067
1.765000000000 0.804251901139
1.766000000000 0.804111687164
1.767000000000 0.803971379120
1.768000000000 0.803830975944
1.769000000000 0.803690476526
1.770000000000 0.803549879711
1.771000000000 0.803409184292
1.772000000000 0.803268389014
1.773000000000 0.803127492565
1.774000000000 0.802986493580
1.775000000000 0.802845390633
1.776000000000 0.802704182237
1.777000000000 0.802562866840
1.778000000000 0.802421442826
1.779000000000 0.802279908506
1.780000000000 0.802138262119
1.781000000000 0.801996501825
1.782000000000 0.801854625708
1.783000000000 0.801712631764
1.784000000000 0.801570517904
1.785000000000 0.801428281947
1.786000000000 0.801285921615
1.787000000000 0.801143434532
1.788000000000 0.801000818216
1.789000000000 0.800858070076
1.790000000000 0.800715187407
1.791000000000 0.800572167384
1.792000000000 0.800429007057
1.793000000000 0.800285703346
1.794000000000 0.800142253034
1.795000000000 0.799998652763
1.796000000000 0.799854899024
1.797000000000 0.799710988153
1.798000000000 0.799566916323
1.799000000000 0.799422679538
1.800000000000 0.799278273621
1.801000000000 0.799133694212
1.802000000000 0.798988936755
1.803000000000 0.798843996493
1.804000000000 0.798698868454
1.805000000000 0.798553547445
1.806000000000 0.798408028043
1.807000000000 0.798262304580
1.808000000000 0.798116371135
1.809000000000 0.797970221526
1.810000000000 0.797823849288
1.811000000000 0.797677247673
1.812000000000 0.797530409628
1.813000000000 0.797383327783
1.814000000000 0.797235994442
1.815000000000 0.797088401560
1.816000000000 0.796940540735
1.817000000000 0.796792403186
1.818000000000 0.796643979741
1.819000000000 0.796495260814
1.820000000000 0.796346236393
1.821000000000 0.796196896015
1.822000000000 0.796047228748
1.823000000000 0.795897223169
1.824000000000 0.795746867347
1.825000000000 0.795596148811
1.826000000000 0.795445054535
1.827000000000 0.795293570906
1.828000000000 0.795141683703
1.829000000000 0.794989378066
1.830000000000 0.794836638470
1.831000000000 0.794683448694
1.832000000000 0.794529791789
1.833000000000 0.794375650048
1.834000000000 0.794221004970
1.835000000000 0.794065837224
1.836000000000 0.793910126614
1.837000000000 0.793753852041
1.838000000000 0.793596991458
1.839000000000 0.793439521833
1.840000000000 0.793281419102
1.841000000000 0.793122658124
1.842000000000 0.792963212635
1.843000000000 0.792803055191
1.844000000000 0.792642157126
1.845000000000 0.792480488489
1.846000000000 0.792318017990
1.847000000000 0.792154712940
1.848000000000 0.791990539191
1.849000000000 0.791825461069
1.850000000000 0.791659441304
1.851000000000 0.791492440965
1.852000000000 0.791324419382
1.853000000000 0.791155334071
1.854000000000 0.790985140651
1.855000000000 0.790813792763
1.856000000000 0.790641241981
1.857000000000 0.790467437722
1.858000000000 0.790292327147
1.859000000000 0.790115855067
1.860000000000 0.789937963834
1.861000000000 0.789758593235
1.862000000000 0.789577680380
1.863000000000 0.789395159581
1.864000000000 0.789210962231
1.865000000000 0.789025016676
1.866000000000 0.788837248079
1.867000000000 0.788647578282
1.868000000000 0.788455925658
1.869000000000 0.788262204963
1.870000000000 0.788066327171
1.871000000000 0.787868199316
1.872000000000 0.787667724313
1.873000000000 0.787464800782
1.874000000000 0.787259322858
1.875000000000 0.787051179997
1.876000000000 0.786840256770
1.877000000000 0.786626432653
1.878000000000 0.786409581802
1.879000000000 0.786189572825
1.880000000000 0.785966268537
1.881000000000 0.785739525714
1.882000000000 0.785509194827
1.883000000000 0.785275119770
1.884000000000 0.785037137576
1.885000000000 0.784795078124
1.886000000000 0.784548763823
1.887000000000 0.784298009299
1.888000000000 0.784042621054
1.889000000000 0.783782397120
1.890000000000 0.783517126694
1.891000000000 0.783246589763
1.892000000000 0.782970556709
1.893000000000 0.782688787895
1.894000000000 0.782401033246
1.895000000000 0.782107031799
1.896000000000 0.781806511243
1.897000000000 0.781499187440
1.898000000000 0.781184763923
1.899000000000 0.780862931375
1.900000000000 0.780533367093
1.901000000000 0.780195734420
1.902000000000 0.779849682164
1.903000000000 0.779494843992
1.904000000000 0.779130837795
1.905000000000 0.778757265035
1.906000000000 0.778373710061
1.907000000000 0.777979739409
1.908000000000 0.777574901059
1.909000000000 0.777158723678
1.910000000000 0.776730715831
1.911000000000 0.776290365157
1.912000000000 0.775837137520
1.913000000000 0.775370476129
1.914000000000 0.774889800624
1.915000000000 0.774394506126
1.916000000000 0.773883962263
1.917000000000 0.773357512150
1.918000000000 0.772814471342
1.919000000000 0.772254126747
1.920000000000 0.771675735503
1.921000000000 0.771078523815
1.922000000000 0.770461685762
1.923000000000 0.769824382054
1.924000000000 0.769165738754
1.925000000000 0.768484845967
1.926000000000 0.767780756476
1.927000000000 0.767052484346
1.928000000000 0.766299003483
1.929000000000 0.765519246157
1.930000000000 0.764712101473
1.931000000000 0.763876413814
1.932000000000 0.763010981232
1.933000000000 0.762114553807
1.934000000000 0.761185831957
1.935000000000 0.760223464717
1.936000000000 0.759226047974
1.937000000000 0.758192122667
1.938000000000 0.757120172955
1.939000000000 0.756008624340
1.940000000000 0.754855841771
1.941000000000 0.753660127709
1.942000000000 0.752419720170
1.943000000000 0.751132790745
1.944000000000 0.749797442590
1.945000000000 0.748411708414
1.946000000000 0.746973548445
1.947000000000 0.745480848390
1.948000000000 0.743931417395
1.949000000000 0.742322986013
1.950000000000 0.740653204169
1.951000000000 0.738919639163
1.952000000000 0.737119773679
1.953000000000 0.735251003844
1.954000000000 0.733310637319
1.955000000000 0.731295891451
1.956000000000 0.729203891484
1.957000000000 0.727031668853
1.958000000000 0.724776159555
1.959000000000 0.722434202635
1.960000000000 0.720002538778
1.961000000000 0.717477809033
1.962000000000 0.714856553687
1.963000000000 0.712135211303
1.964000000000 0.709310117927
1.965000000000 0.706377506512
1.966000000000 0.703333506545
1.967000000000 0.700174143919
1.968000000000 0.696895341063
1.969000000000 0.693492917346
1.970000000000 0.689962589789
1.971000000000 0.686299974097
1.972000000000 0.682500586031
1.973000000000 0.678559843154
1.974000000000 0.674473066964
1.975000000000 0.670235485432
1.976000000000 0.665842235980
1.977000000000 0.661288368908
1.978000000000 0.656568851291
1.979000000000 0.651678571368
1.980000000000 0.646612343437
1.981000000000 0.641364913269
1.982000000000 0.635930964055
1.983000000000 0.630305122895
1.984000000000 0.624481967835
1.985000000000 0.618456035450
1.986000000000 0.612221828979
1.987000000000 0.605773826998
1.988000000000 0.599106492626
1.989000000000 0.592214283244
1.990000000000 0.585091660702
1.991000000000 0.577733101996
1.992000000000 0.570133110362
1.993000000000 0.562286226765
1.994000000000 0.554187041723
1.995000000000 0.545830207405
1.996000000000 0.537210449953
1.997000000000 0.528322581950
1.998000000000 0.519161514948
1.999000000000 0.509722271988
2.000000000000 0.500000000000
