0.000000000000 1.000000000000
0.001000000000 0.998185047969
0.002000000000 0.996466569470
0.003000000000 0.994839192255
0.004000000000 0.993297859436
0.005000000000 0.991837809307
0.006000000000 0.990454556610
0.007000000000 0.989143875162
0.008000000000 0.987901781691
0.009000000000 0.986724520817
0.010000000000 0.985608551062
0.011000000000 0.984550531815
0.012000000000 0.983547311183
0.013000000000 0.982595914649
0.014000000000 0.981693534482
0.015000000000 0.980837519841
0.016000000000 0.980025367526
0.017000000000 0.979254713314
0.018000000000 0.978523323856
0.019000000000 0.977829089079
0.020000000000 0.977170015076
0.021000000000 0.976544217421
0.022000000000 0.975949914913
0.023000000000 0.975385423693
0.024000000000 0.974849151722
0.025000000000 0.974339593595
0.026000000000 0.973855325660
0.027000000000 0.973395001437
0.028000000000 0.972957347302
0.029000000000 0.972541158425
0.030000000000 0.972145294952
0.031000000000 0.971768678404
0.032000000000 0.971410288290
0.033000000000 0.971069158909
0.034000000000 0.970744376341
0.035000000000 0.970435075610
0.036000000000 0.970140438008
0.037000000000 0.969859688567
0.038000000000 0.969592093681
0.039000000000 0.969336958856
0.040000000000 0.969093626588
0.041000000000 0.968861474364
0.042000000000 0.968639912766
0.043000000000 0.968428383688
0.044000000000 0.968226358647
0.045000000000 0.968033337193
0.046000000000 0.967848845397
0.047000000000 0.967672434433
0.048000000000 0.967503679232
0.049000000000 0.967342177209
0.050000000000 0.967187547061
0.051000000000 0.967039427632
0.052000000000 0.966897476837
0.053000000000 0.966761370646
0.054000000000 0.966630802125
0.055000000000 0.966505480520
0.056000000000 0.966385130406
0.057000000000 0.966269490866
0.058000000000 0.966158314724
0.059000000000 0.966051367814
0.060000000000 0.965948428296
0.061000000000 0.965849285997
0.062000000000 0.965753741796
0.063000000000 0.965661607041
0.064000000000 0.965572702995
0.065000000000 0.965486860308
0.066000000000 0.965403918530
0.067000000000 0.965323725631
0.068000000000 0.965246137566
0.069000000000 0.965171017846
0.070000000000 0.965098237148
0.071000000000 0.965027672930
0.072000000000 0.964959209077
0.073000000000 0.964892735565
0.074000000000 0.964828148136
0.075000000000 0.964765347998
0.076000000000 0.964704241536
0.077000000000 0.964644740040
0.078000000000 0.964586759447
0.079000000000 0.964530220099
0.080000000000 0.964475046507
0.081000000000 0.964421167137
0.082000000000 0.964368514201
0.083000000000 0.964317023456
0.084000000000 0.964266634026
0.085000000000 0.964217288218
0.086000000000 0.964168931359
0.087000000000 0.964121511636
0.088000000000 0.964074979948
0.089000000000 0.964029289761
0.090000000000 0.963984396976
0.091000000000 0.963940259799
0.092000000000 0.963896838623
0.093000000000 0.963854095911
0.094000000000 0.963811996089
0.095000000000 0.963770505442
0.096000000000 0.963729592018
0.097000000000 0.963689225535
0.098000000000 0.963649377294
0.099000000000 0.963610020095
0.100000000000 0.963571128159
0.101000000000 0.963532677055
0.102000000000 0.963494643628
0.103000000000 0.963457005933
0.104000000000 0.963419743171
0.105000000000 0.963382835629
0.106000000000 0.963346264623
0.107000000000 0.963310012447
0.108000000000 0.963274062319
0.109000000000 0.963238398331
0.110000000000 0.963203005408
0.111000000000 0.963167869261
0.112000000000 0.963132976349
0.113000000000 0.963098313834
0.114000000000 0.963063869552
0.115000000000 0.963029631972
0.116000000000 0.962995590165
0.117000000000 0.962961733772
0.118000000000 0.962928052977
0.119000000000 0.962894538472
0.120000000000 0.962861181439
0.121000000000 0.962827973517
0.122000000000 0.962794906783
0.123000000000 0.962761973727
0.124000000000 0.962729167229
0.125000000000 0.962696480544
0.126000000000 0.962663907276
0.127000000000 0.962631441363
0.128000000000 0.962599077060
0.129000000000 0.962566808921
0.130000000000 0.962534631783
0.131000000000 0.962502540756
0.132000000000 0.962470531200
0.133000000000 0.962438598720
0.134000000000 0.962406739150
0.135000000000 0.962374948540
0.136000000000 0.962343223146
0.137000000000 0.962311559421
0.138000000000 0.962279954000
0.139000000000 0.962248403697
0.140000000000 0.962216905488
0.141000000000 0.962185456509
0.142000000000 0.962154054046
0.143000000000 0.962122695524
0.144000000000 0.962091378505
0.145000000000 0.962060100674
0.146000000000 0.962028859841
0.147000000000 0.961997653927
0.148000000000 0.961966480964
0.149000000000 0.961935339083
0.150000000000 0.961904226515
0.151000000000 0.961873141583
0.152000000000 0.961842082696
0.153000000000 0.961811048347
0.154000000000 0.961780037108
0.155000000000 0.961749047622
0.156000000000 0.961718078607
0.157000000000 0.961687128846
0.158000000000 0.961656197184
0.159000000000 0.961625282527
0.160000000000 0.961594383839
0.161000000000 0.961563500138
0.162000000000 0.961532630491
0.163000000000 0.961501774015
0.164000000000 0.961470929872
0.165000000000 0.961440097270
0.166000000000 0.961409275455
0.167000000000 0.961378463715
0.168000000000 0.961347661372
0.169000000000 0.961316867787
0.170000000000 0.961286082351
0.171000000000 0.961255304489
0.172000000000 0.961224533653
0.173000000000 0.961193769327
0.174000000000 0.961163011019
0.175000000000 0.961132258265
0.176000000000 0.961101510622
0.177000000000 0.961070767673
0.178000000000 0.961040029022
0.179000000000 0.961009294292
0.180000000000 0.960978563126
0.181000000000 0.960947835188
0.182000000000 0.960917110157
0.183000000000 0.960886387728
0.184000000000 0.960855667615
0.185000000000 0.960824949544
0.186000000000 0.960794233256
0.187000000000 0.960763518506
0.188000000000 0.960732805061
0.189000000000 0.960702092700
0.190000000000 0.960671381215
0.191000000000 0.960640670407
0.192000000000 0.960609960088
0.193000000000 0.960579250079
0.194000000000 0.960548540213
0.195000000000 0.960517830327
0.196000000000 0.960487120271
0.197000000000 0.960456409900
0.198000000000 0.960425699077
0.199000000000 0.960394987674
0.200000000000 0.960364275566
0.201000000000 0.960333562637
0.202000000000 0.960302848778
0.203000000000 0.960272133882
0.204000000000 0.960241417852
0.205000000000 0.960210700591
0.206000000000 0.960179982011
0.207000000000 0.960149262028
0.208000000000 0.960118540560
0.209000000000 0.960087817532
0.210000000000 0.960057092870
0.211000000000 0.960026366507
0.212000000000 0.959995638378
0.213000000000 0.959964908420
0.214000000000 0.959934176575
0.215000000000 0.959903442787
0.216000000000 0.959872707004
0.217000000000 0.959841969176
0.218000000000 0.959811229255
0.219000000000 0.959780487196
0.220000000000 0.959749742957
0.221000000000 0.959718996496
0.222000000000 0.959688247776
0.223000000000 0.959657496761
0.224000000000 0.959626743414
0.225000000000 0.959595987704
0.226000000000 0.959565229599
0.227000000000 0.959534469070
0.228000000000 0.959503706089
0.229000000000 0.959472940628
0.230000000000 0.959442172663
0.231000000000 0.959411402169
0.232000000000 0.959380629124
0.233000000000 0.959349853505
0.234000000000 0.959319075293
0.235000000000 0.959288294468
0.236000000000 0.959257511011
0.237000000000 0.959226724904
0.238000000000 0.959195936132
0.239000000000 0.959165144676
0.240000000000 0.959134350524
0.241000000000 0.959103553660
0.242000000000 0.959072754070
0.243000000000 0.959041951742
0.244000000000 0.959011146663
0.245000000000 0.958980338821
0.246000000000 0.958949528206
0.247000000000 0.958918714806
0.248000000000 0.958887898611
0.249000000000 0.958857079613
0.250000000000 0.958826257801
0.251000000000 0.958795433167
0.252000000000 0.958764605702
0.253000000000 0.958733775399
0.254000000000 0.958702942251
0.255000000000 0.958672106249
0.256000000000 0.958641267387
0.257000000000 0.958610425659
0.258000000000 0.958579581059
0.259000000000 0.958548733580
0.260000000000 0.958517883216
0.261000000000 0.958487029963
0.262000000000 0.958456173815
0.263000000000 0.958425314768
0.264000000000 0.958394452816
0.265000000000 0.958363587955
0.266000000000 0.958332720181
0.267000000000 0.958301849489
0.268000000000 0.958270975876
0.269000000000 0.958240099339
0.270000000000 0.958209219872
0.271000000000 0.958178337474
0.272000000000 0.958147452140
0.273000000000 0.958116563867
0.274000000000 0.958085672653
0.275000000000 0.958054778495
0.276000000000 0.958023881389
0.277000000000 0.957992981333
0.278000000000 0.957962078324
0.279000000000 0.957931172361
0.280000000000 0.957900263439
0.281000000000 0.957869351558
0.282000000000 0.957838436715
0.283000000000 0.957807518908
0.284000000000 0.957776598134
0.285000000000 0.957745674393
0.286000000000 0.957714747681
0.287000000000 0.957683817997
0.288000000000 0.957652885339
0.289000000000 0.957621949705
0.290000000000 0.957591011095
0.291000000000 0.957560069505
0.292000000000 0.957529124935
0.293000000000 0.957498177383
0.294000000000 0.957467226847
0.295000000000 0.957436273326
0.296000000000 0.957405316819
0.297000000000 0.957374357324
0.298000000000 0.957343394840
0.299000000000 0.957312429366
0.300000000000 0.957281460900
0.301000000000 0.957250489441
0.302000000000 0.957219514988
0.303000000000 0.957188537539
0.304000000000 0.957157557094
0.305000000000 0.957126573651
0.306000000000 0.957095587210
0.307000000000 0.957064597768
0.308000000000 0.957033605326
0.309000000000 0.957002609882
0.310000000000 0.956971611434
0.311000000000 0.956940609983
0.312000000000 0.956909605527
0.313000000000 0.956878598065
0.314000000000 0.956847587595
0.315000000000 0.956816574118
0.316000000000 0.956785557632
0.317000000000 0.956754538136
0.318000000000 0.956723515630
0.319000000000 0.956692490112
0.320000000000 0.956661461581
0.321000000000 0.956630430038
0.322000000000 0.956599395479
0.323000000000 0.956568357906
0.324000000000 0.956537317317
0.325000000000 0.956506273711
0.326000000000 0.956475227088
0.327000000000 0.956444177446
0.328000000000 0.956413124785
0.329000000000 0.956382069103
0.330000000000 0.956351010401
0.331000000000 0.956319948677
0.332000000000 0.956288883931
0.333000000000 0.956257816161
0.334000000000 0.956226745368
0.335000000000 0.956195671549
0.336000000000 0.956164594705
0.337000000000 0.956133514835
0.338000000000 0.956102431937
0.339000000000 0.956071346012
0.340000000000 0.956040257057
0.341000000000 0.956009165074
0.342000000000 0.955978070060
0.343000000000 0.955946972015
0.344000000000 0.955915870939
0.345000000000 0.955884766830
0.346000000000 0.955853659688
0.347000000000 0.955822549512
0.348000000000 0.955791436301
0.349000000000 0.955760320055
0.350000000000 0.955729200773
0.351000000000 0.955698078454
0.352000000000 0.955666953098
0.353000000000 0.955635824703
0.354000000000 0.955604693269
0.355000000000 0.955573558796
0.356000000000 0.955542421281
0.357000000000 0.955511280726
0.358000000000 0.955480137129
0.359000000000 0.955448990489
0.360000000000 0.955417840806
0.361000000000 0.955386688079
0.362000000000 0.955355532307
0.363000000000 0.955324373489
0.364000000000 0.955293211625
0.365000000000 0.955262046715
0.366000000000 0.955230878756
0.367000000000 0.955199707750
0.368000000000 0.955168533694
0.369000000000 0.955137356588
0.370000000000 0.955106176432
0.371000000000 0.955074993225
0.372000000000 0.955043806966
0.373000000000 0.955012617654
0.374000000000 0.954981425289
0.375000000000 0.954950229869
0.376000000000 0.954919031395
0.377000000000 0.954887829866
0.378000000000 0.954856625280
0.379000000000 0.954825417638
0.380000000000 0.954794206938
0.381000000000 0.954762993180
0.382000000000 0.954731776362
0.383000000000 0.954700556485
0.384000000000 0.954669333548
0.385000000000 0.954638107549
0.386000000000 0.954606878489
0.387000000000 0.954575646366
0.388000000000 0.954544411180
0.389000000000 0.954513172930
0.390000000000 0.954481931615
0.391000000000 0.954450687235
0.392000000000 0.954419439789
0.393000000000 0.954388189276
0.394000000000 0.954356935696
0.395000000000 0.954325679047
0.396000000000 0.954294419330
0.397000000000 0.954263156543
0.398000000000 0.954231890685
0.399000000000 0.954200621757
0.400000000000 0.954169349757
0.401000000000 0.954138074685
0.402000000000 0.954106796539
0.403000000000 0.954075515319
0.404000000000 0.954044231026
0.405000000000 0.954012943656
0.406000000000 0.953981653211
0.407000000000 0.953950359689
0.408000000000 0.953919063090
0.409000000000 0.953887763413
0.410000000000 0.953856460657
0.411000000000 0.953825154821
0.412000000000 0.953793845905
0.413000000000 0.953762533909
0.414000000000 0.953731218830
0.415000000000 0.953699900670
0.416000000000 0.953668579426
0.417000000000 0.953637255099
0.418000000000 0.953605927687
0.419000000000 0.953574597190
0.420000000000 0.953543263607
0.421000000000 0.953511926937
0.422000000000 0.953480587181
0.423000000000 0.953449244336
0.424000000000 0.953417898402
0.425000000000 0.953386549379
0.426000000000 0.953355197266
0.427000000000 0.953323842062
0.428000000000 0.953292483767
0.429000000000 0.953261122379
0.430000000000 0.953229757898
0.431000000000 0.953198390323
0.432000000000 0.953167019655
0.433000000000 0.953135645891
0.434000000000 0.953104269031
0.435000000000 0.953072889074
0.436000000000 0.953041506021
0.437000000000 0.953010119869
0.438000000000 0.952978730619
0.439000000000 0.952947338269
0.440000000000 0.952915942819
0.441000000000 0.952884544268
0.442000000000 0.952853142616
0.443000000000 0.952821737861
0.444000000000 0.952790330004
0.445000000000 0.952758919043
0.446000000000 0.952727504977
0.447000000000 0.952696087806
0.448000000000 0.952664667529
0.449000000000 0.952633244146
0.450000000000 0.952601817656
0.451000000000 0.952570388057
0.452000000000 0.952538955350
0.453000000000 0.952507519534
0.454000000000 0.952476080607
0.455000000000 0.952444638569
0.456000000000 0.952413193420
0.457000000000 0.952381745159
0.458000000000 0.952350293784
0.459000000000 0.952318839296
0.460000000000 0.952287381693
0.461000000000 0.952255920975
0.462000000000 0.952224457141
0.463000000000 0.952192990191
0.464000000000 0.952161520123
0.465000000000 0.952130046937
0.466000000000 0.952098570633
0.467000000000 0.952067091208
0.468000000000 0.952035608664
0.469000000000 0.952004122999
0.470000000000 0.951972634212
0.471000000000 0.951941142302
0.472000000000 0.951909647270
0.473000000000 0.951878149114
0.474000000000 0.951846647833
0.475000000000 0.951815143427
0.476000000000 0.951783635894
0.477000000000 0.951752125236
0.478000000000 0.951720611449
0.479000000000 0.951689094535
0.480000000000 0.951657574491
0.481000000000 0.951626051318
0.482000000000 0.951594525015
0.483000000000 0.951562995580
0.484000000000 0.951531463014
0.485000000000 0.951499927315
0.486000000000 0.951468388483
0.487000000000 0.951436846517
0.488000000000 0.951405301416
0.489000000000 0.951373753180
0.490000000000 0.951342201808
0.491000000000 0.951310647298
0.492000000000 0.951279089652
0.493000000000 0.951247528866
0.494000000000 0.951215964942
0.495000000000 0.951184397878
0.496000000000 0.951152827673
0.497000000000 0.951121254327
0.498000000000 0.951089677840
0.499000000000 0.951058098209
0.500000000000 0.951026515435
0.501000000000 0.950994929517
0.502000000000 0.950963340454
0.503000000000 0.950931748245
0.504000000000 0.950900152890
0.505000000000 0.950868554387
0.506000000000 0.950836952737
0.507000000000 0.950805347939
0.508000000000 0.950773739991
0.509000000000 0.950742128893
0.510000000000 0.950710514644
0.511000000000 0.950678897244
0.512000000000 0.950647276691
0.513000000000 0.950615652986
0.514000000000 0.950584026127
0.515000000000 0.950552396113
0.516000000000 0.950520762945
0.517000000000 0.950489126620
0.518000000000 0.950457487139
0.519000000000 0.950425844500
0.520000000000 0.950394198704
0.521000000000 0.950362549748
0.522000000000 0.950330897633
0.523000000000 0.950299242358
0.524000000000 0.950267583921
0.525000000000 0.950235922323
0.526000000000 0.950204257562
0.527000000000 0.950172589638
0.528000000000 0.950140918550
0.529000000000 0.950109244298
0.530000000000 0.950077566879
0.531000000000 0.950045886295
0.532000000000 0.950014202544
0.533000000000 0.949982515625
0.534000000000 0.949950825537
0.535000000000 0.949919132281
0.536000000000 0.949887435854
0.537000000000 0.949855736257
0.538000000000 0.949824033488
0.539000000000 0.949792327548
0.540000000000 0.949760618434
0.541000000000 0.949728906147
0.542000000000 0.949697190686
0.543000000000 0.949665472049
0.544000000000 0.949633750237
0.545000000000 0.949602025248
0.546000000000 0.949570297082
0.547000000000 0.949538565738
0.548000000000 0.949506831215
0.549000000000 0.949475093512
0.550000000000 0.949443352629
0.551000000000 0.949411608565
0.552000000000 0.949379861320
0.553000000000 0.949348110891
0.554000000000 0.949316357280
0.555000000000 0.949284600485
0.556000000000 0.949252840504
0.557000000000 0.949221077339
0.558000000000 0.949189310987
0.559000000000 0.949157541448
0.560000000000 0.949125768721
0.561000000000 0.949093992806
0.562000000000 0.949062213702
0.563000000000 0.949030431408
0.564000000000 0.948998645923
0.565000000000 0.948966857246
0.566000000000 0.948935065378
0.567000000000 0.948903270316
0.568000000000 0.948871472061
0.569000000000 0.948839670611
0.570000000000 0.948807865966
0.571000000000 0.948776058125
0.572000000000 0.948744247087
0.573000000000 0.948712432852
0.574000000000 0.948680615419
0.575000000000 0.948648794787
0.576000000000 0.948616970955
0.577000000000 0.948585143922
0.578000000000 0.948553313689
0.579000000000 0.948521480253
0.580000000000 0.948489643615
0.581000000000 0.948457803773
0.582000000000 0.948425960727
0.583000000000 0.948394114476
0.584000000000 0.948362265020
0.585000000000 0.948330412357
0.586000000000 0.948298556487
0.587000000000 0.948266697408
0.588000000000 0.948234835121
0.589000000000 0.948202969625
0.590000000000 0.948171100918
0.591000000000 0.948139229000
0.592000000000 0.948107353871
0.593000000000 0.948075475529
0.594000000000 0.948043593974
0.595000000000 0.948011709205
0.596000000000 0.947979821221
0.597000000000 0.947947930021
0.598000000000 0.947916035606
0.599000000000 0.947884137973
0.600000000000 0.947852237122
0.601000000000 0.947820333053
0.602000000000 0.947788425765
0.603000000000 0.947756515256
0.604000000000 0.947724601527
0.605000000000 0.947692684576
0.606000000000 0.947660764403
0.607000000000 0.947628841006
0.608000000000 0.947596914386
0.609000000000 0.947564984541
0.610000000000 0.947533051471
0.611000000000 0.947501115175
0.612000000000 0.947469175651
0.613000000000 0.947437232900
0.614000000000 0.947405286921
0.615000000000 0.947373337713
0.616000000000 0.947341385274
0.617000000000 0.947309429605
0.618000000000 0.947277470704
0.619000000000 0.947245508572
0.620000000000 0.947213543206
0.621000000000 0.947181574606
0.622000000000 0.947149602772
0.623000000000 0.947117627703
0.624000000000 0.947085649397
0.625000000000 0.947053667855
0.626000000000 0.947021683075
0.627000000000 0.946989695057
0.628000000000 0.946957703800
0.629000000000 0.946925709303
0.630000000000 0.946893711565
0.631000000000 0.946861710586
0.632000000000 0.946829706364
0.633000000000 0.946797698900
0.634000000000 0.946765688192
0.635000000000 0.946733674240
0.636000000000 0.946701657042
0.637000000000 0.946669636599
0.638000000000 0.946637612908
0.639000000000 0.946605585970
0.640000000000 0.946573555784
0.641000000000 0.946541522349
0.642000000000 0.946509485664
0.643000000000 0.946477445728
0.644000000000 0.946445402541
0.645000000000 0.946413356102
0.646000000000 0.946381306410
0.647000000000 0.946349253464
0.648000000000 0.946317197264
0.649000000000 0.946285137808
0.650000000000 0.946253075097
0.651000000000 0.946221009129
0.652000000000 0.946188939903
0.653000000000 0.946156867419
0.654000000000 0.946124791676
0.655000000000 0.946092712673
0.656000000000 0.946060630409
0.657000000000 0.946028544885
0.658000000000 0.945996456097
0.659000000000 0.945964364047
0.660000000000 0.945932268734
0.661000000000 0.945900170155
0.662000000000 0.945868068312
0.663000000000 0.945835963203
0.664000000000 0.945803854826
0.665000000000 0.945771743182
0.666000000000 0.945739628270
0.667000000000 0.945707510089
0.668000000000 0.945675388638
0.669000000000 0.945643263916
0.670000000000 0.945611135923
0.671000000000 0.945579004657
0.672000000000 0.945546870119
0.673000000000 0.945514732307
0.674000000000 0.945482591220
0.675000000000 0.945450446858
0.676000000000 0.945418299220
0.677000000000 0.945386148305
0.678000000000 0.945353994112
0.679000000000 0.945321836641
0.680000000000 0.945289675891
0.681000000000 0.945257511860
0.682000000000 0.945225344550
0.683000000000 0.945193173957
0.684000000000 0.945161000082
0.685000000000 0.945128822925
0.686000000000 0.945096642483
0.687000000000 0.945064458757
0.688000000000 0.945032271745
0.689000000000 0.945000081448
0.690000000000 0.944967887863
0.691000000000 0.944935690990
0.692000000000 0.944903490830
0.693000000000 0.944871287379
0.694000000000 0.944839080639
0.695000000000 0.944806870608
0.696000000000 0.944774657286
0.697000000000 0.944742440671
0.698000000000 0.944710220763
0.699000000000 0.944677997561
0.700000000000 0.944645771065
0.701000000000 0.944613541273
0.702000000000 0.944581308184
0.703000000000 0.944549071799
0.704000000000 0.944516832116
0.705000000000 0.944484589135
0.706000000000 0.944452342854
0.707000000000 0.944420093273
0.708000000000 0.944387840392
0.709000000000 0.944355584209
0.710000000000 0.944323324723
0.711000000000 0.944291061934
0.712000000000 0.944258795842
0.713000000000 0.944226526445
0.714000000000 0.944194253742
0.715000000000 0.944161977733
0.716000000000 0.944129698418
0.717000000000 0.944097415794
0.718000000000 0.944065129863
0.719000000000 0.944032840622
0.720000000000 0.944000548071
0.721000000000 0.943968252209
0.722000000000 0.943935953036
0.723000000000 0.943903650551
0.724000000000 0.943871344753
0.725000000000 0.943839035641
0.726000000000 0.943806723215
0.727000000000 0.943774407473
0.728000000000 0.943742088416
0.729000000000 0.943709766042
0.730000000000 0.943677440351
0.731000000000 0.943645111341
0.732000000000 0.943612779013
0.733000000000 0.943580443366
0.734000000000 0.943548104398
0.735000000000 0.943515762109
0.736000000000 0.943483416499
0.737000000000 0.943451067566
0.738000000000 0.943418715310
0.739000000000 0.943386359731
0.740000000000 0.943354000827
0.741000000000 0.943321638597
0.742000000000 0.943289273043
0.743000000000 0.943256904161
0.744000000000 0.943224531953
0.745000000000 0.943192156417
0.746000000000 0.943159777552
0.747000000000 0.943127395358
0.748000000000 0.943095009835
0.749000000000 0.943062620981
0.750000000000 0.943030228797
0.751000000000 0.942997833280
0.752000000000 0.942965434432
0.753000000000 0.942933032251
0.754000000000 0.942900626737
0.755000000000 0.942868217888
0.756000000000 0.942835805706
0.757000000000 0.942803390188
0.758000000000 0.942770971335
0.759000000000 0.942738549146
0.760000000000 0.942706123621
0.761000000000 0.942673694759
0.762000000000 0.942641262559
0.763000000000 0.942608827021
0.764000000000 0.942576388145
0.765000000000 0.942543945931
0.766000000000 0.942511500377
0.767000000000 0.942479051484
0.768000000000 0.942446599251
0.769000000000 0.942414143679
0.770000000000 0.942381684765
0.771000000000 0.942349222512
0.772000000000 0.942316756917
0.773000000000 0.942284287981
0.774000000000 0.942251815705
0.775000000000 0.942219340086
0.776000000000 0.942186861127
0.777000000000 0.942154378826
0.778000000000 0.942121893183
0.779000000000 0.942089404199
0.780000000000 0.942056911874
0.781000000000 0.942024416207
0.782000000000 0.941991917199
0.783000000000 0.941959414850
0.784000000000 0.941926909160
0.785000000000 0.941894400130
0.786000000000 0.941861887760
0.787000000000 0.941829372050
0.788000000000 0.941796853002
0.789000000000 0.941764330615
0.790000000000 0.941731804890
0.791000000000 0.941699275828
0.792000000000 0.941666743429
0.793000000000 0.941634207696
0.794000000000 0.941601668628
0.795000000000 0.941569126226
0.796000000000 0.941536580493
0.797000000000 0.941504031428
0.798000000000 0.941471479034
0.799000000000 0.941438923312
0.800000000000 0.941406364264
0.801000000000 0.941373801892
0.802000000000 0.941341236196
0.803000000000 0.941308667180
0.804000000000 0.941276094846
0.805000000000 0.941243519195
0.806000000000 0.941210940231
0.807000000000 0.941178357956
0.808000000000 0.941145772373
0.809000000000 0.941113183485
0.810000000000 0.941080591296
0.811000000000 0.941047995809
0.812000000000 0.941015397027
0.813000000000 0.940982794954
0.814000000000 0.940950189596
0.815000000000 0.940917580956
0.816000000000 0.940884969039
0.817000000000 0.940852353850
0.818000000000 0.940819735394
0.819000000000 0.940787113678
0.820000000000 0.940754488707
0.821000000000 0.940721860488
0.822000000000 0.940689229027
0.823000000000 0.940656594331
0.824000000000 0.940623956409
0.825000000000 0.940591315269
0.826000000000 0.940558670918
0.827000000000 0.940526023366
0.828000000000 0.940493372622
0.829000000000 0.940460718697
0.830000000000 0.940428061601
0.831000000000 0.940395401346
0.832000000000 0.940362737943
0.833000000000 0.940330071405
0.834000000000 0.940297401745
0.835000000000 0.940264728978
0.836000000000 0.940232053117
0.837000000000 0.940199374180
0.838000000000 0.940166692181
0.839000000000 0.940134007140
0.840000000000 0.940101319073
0.841000000000 0.940068628002
0.842000000000 0.940035933945
0.843000000000 0.940003236925
0.844000000000 0.939970536964
0.845000000000 0.939937834087
0.846000000000 0.939905128318
0.847000000000 0.939872419685
0.848000000000 0.939839708216
0.849000000000 0.939806993941
0.850000000000 0.939774276890
0.851000000000 0.939741557097
0.852000000000 0.939708834597
0.853000000000 0.939676109426
0.854000000000 0.939643381624
0.855000000000 0.939610651230
0.856000000000 0.939577918287
0.857000000000 0.939545182842
0.858000000000 0.939512444942
0.859000000000 0.939479704637
0.860000000000 0.939446961979
0.861000000000 0.939414217026
0.862000000000 0.939381469834
0.863000000000 0.939348720468
0.864000000000 0.939315968991
0.865000000000 0.939283215472
0.866000000000 0.939250459984
0.867000000000 0.939217702603
0.868000000000 0.939184943410
0.869000000000 0.939152182488
0.870000000000 0.939119419927
0.871000000000 0.939086655821
0.872000000000 0.939053890269
0.873000000000 0.939021123374
0.874000000000 0.938988355247
0.875000000000 0.938955586002
0.876000000000 0.938922815761
0.877000000000 0.938890044653
0.878000000000 0.938857272811
0.879000000000 0.938824500379
0.880000000000 0.938791727504
0.881000000000 0.938758954346
0.882000000000 0.938726181069
0.883000000000 0.938693407847
0.884000000000 0.938660634865
0.885000000000 0.938627862316
0.886000000000 0.938595090404
0.887000000000 0.938562319342
0.888000000000 0.938529549357
0.889000000000 0.938496780687
0.890000000000 0.938464013582
0.891000000000 0.938431248304
0.892000000000 0.938398485132
0.893000000000 0.938365724358
0.894000000000 0.938332966289
0.895000000000 0.938300211249
0.896000000000 0.938267459578
0.897000000000 0.938234711635
0.898000000000 0.938201967798
0.899000000000 0.938169228465
0.900000000000 0.938136494054
0.901000000000 0.938103765006
0.902000000000 0.938071041784
0.903000000000 0.938038324877
0.904000000000 0.938005614800
0.905000000000 0.937972912093
0.906000000000 0.937940217325
0.907000000000 0.937907531097
0.908000000000 0.937874854041
0.909000000000 0.937842186819
0.910000000000 0.937809530133
0.911000000000 0.937776884718
0.912000000000 0.937744251350
0.913000000000 0.937711630844
0.914000000000 0.937679024060
0.915000000000 0.937646431902
0.916000000000 0.937613855321
0.917000000000 0.937581295320
0.918000000000 0.937548752952
0.919000000000 0.937516229328
0.920000000000 0.937483725617
0.921000000000 0.937451243048
0.922000000000 0.937418782917
0.923000000000 0.937386346585
0.924000000000 0.937353935487
0.925000000000 0.937321551133
0.926000000000 0.937289195113
0.927000000000 0.937256869098
0.928000000000 0.937224574851
0.929000000000 0.937192314224
0.930000000000 0.937160089168
0.931000000000 0.937127901736
0.932000000000 0.937095754091
0.933000000000 0.937063648505
0.934000000000 0.937031587375
0.935000000000 0.936999573221
0.936000000000 0.936967608694
0.937000000000 0.936935696587
0.938000000000 0.936903839840
0.939000000000 0.936872041545
0.940000000000 0.936840304957
0.941000000000 0.936808633504
0.942000000000 0.936777030793
0.943000000000 0.936745500619
0.944000000000 0.936714046979
0.945000000000 0.936682674077
0.946000000000 0.936651386340
0.947000000000 0.936620188427
0.948000000000 0.936589085241
0.949000000000 0.936558081942
0.950000000000 0.936527183964
0.951000000000 0.936496397022
0.952000000000 0.936465727134
0.953000000000 0.936435180633
0.954000000000 0.936404764184
0.955000000000 0.936374484802
0.956000000000 0.936344349872
0.957000000000 0.936314367164
0.958000000000 0.936284544858
0.959000000000 0.936254891560
0.960000000000 0.936225416332
0.961000000000 0.936196128709
0.962000000000 0.936167038726
0.963000000000 0.936138156945
0.964000000000 0.936109494484
0.965000000000 0.936081063042
0.966000000000 0.936052874932
0.967000000000 0.936024943115
0.968000000000 0.935997281230
0.969000000000 0.935969903631
0.970000000000 0.935942825427
0.971000000000 0.935916062518
0.972000000000 0.935889631640
0.973000000000 0.935863550404
0.974000000000 0.935837837347
0.975000000000 0.935812511978
0.976000000000 0.935787594827
0.977000000000 0.935763107503
0.978000000000 0.935739072749
0.979000000000 0.935715514499
0.980000000000 0.935692457942
0.981000000000 0.935669929590
0.982000000000 0.935647957343
0.983000000000 0.935626570566
0.984000000000 0.935605800164
0.985000000000 0.935585678660
0.986000000000 0.935566240287
0.987000000000 0.935547521069
0.988000000000 0.935529558922
0.989000000000 0.935512393749
0.990000000000 0.935496067547
0.991000000000 0.935480624515
0.992000000000 0.935466111168
0.993000000000 0.935452576463
0.994000000000 0.935440071924
0.995000000000 0.935428651778
0.996000000000 0.935418373094
0.997000000000 0.935409295938
0.998000000000 0.935401483523
0.999000000000 0.935395002382
1.000000000000 0.935389922534
1.001000000000 0.935250152163
1.002000000000 0.935112120421
1.003000000000 0.934975728096
1.004000000000 0.934840881532
1.005000000000 0.934707492324
1.006000000000 0.934575477015
1.007000000000 0.934444756824
1.008000000000 0.934315257378
1.009000000000 0.934186908468
1.010000000000 0.934059643810
1.011000000000 0.933933400830
1.012000000000 0.933808120451
1.013000000000 0.933683746900
1.014000000000 0.933560227521
1.015000000000 0.933437512597
1.016000000000 0.933315555193
1.017000000000 0.933194310990
1.018000000000 0.933073738146
1.019000000000 0.932953797153
1.020000000000 0.932834450710
1.021000000000 0.932715663593
1.022000000000 0.932597402546
1.023000000000 0.932479636164
1.024000000000 0.932362334795
1.025000000000 0.932245470438
1.026000000000 0.932129016653
1.027000000000 0.932012948471
1.028000000000 0.931897242315
1.029000000000 0.931781875919
1.030000000000 0.931666828257
1.031000000000 0.931552079474
1.032000000000 0.931437610816
1.033000000000 0.931323404574
1.034000000000 0.931209444024
1.035000000000 0.931095713369
1.036000000000 0.930982197693
1.037000000000 0.930868882904
1.038000000000 0.930755755697
1.039000000000 0.930642803502
1.040000000000 0.930530014447
1.041000000000 0.930417377321
1.042000000000 0.930304881531
1.043000000000 0.930192517073
1.044000000000 0.930080274498
1.045000000000 0.929968144879
1.046000000000 0.929856119783
1.047000000000 0.929744191245
1.048000000000 0.929632351740
1.049000000000 0.929520594159
1.050000000000 0.929408911785
1.051000000000 0.929297298275
1.052000000000 0.929185747632
1.053000000000 0.929074254194
1.054000000000 0.928962812609
1.055000000000 0.928851417821
1.056000000000 0.928740065052
1.057000000000 0.928628749788
1.058000000000 0.928517467762
1.059000000000 0.928406214943
1.060000000000 0.928294987522
1.061000000000 0.928183781899
1.062000000000 0.928072594669
1.063000000000 0.927961422618
1.064000000000 0.927850262704
1.065000000000 0.927739112056
1.066000000000 0.927627967957
1.067000000000 0.927516827840
1.068000000000 0.927405689276
1.069000000000 0.927294549972
1.070000000000 0.927183407757
1.071000000000 0.927072260580
1.072000000000 0.926961106502
1.073000000000 0.926849943687
1.074000000000 0.926738770401
1.075000000000 0.926627585003
1.076000000000 0.926516385941
1.077000000000 0.926405171746
1.078000000000 0.926293941030
1.079000000000 0.926182692479
1.080000000000 0.926071424849
1.081000000000 0.925960136964
1.082000000000 0.925848827711
1.083000000000 0.925737496034
1.084000000000 0.925626140938
1.085000000000 0.925514761477
1.086000000000 0.925403356757
1.087000000000 0.925291925932
1.088000000000 0.925180468199
1.089000000000 0.925068982798
1.090000000000 0.924957469011
1.091000000000 0.924845926155
1.092000000000 0.924734353583
1.093000000000 0.924622750684
1.094000000000 0.924511116877
1.095000000000 0.924399451611
1.096000000000 0.924287754364
1.097000000000 0.924176024640
1.098000000000 0.924064261970
1.099000000000 0.923952465908
1.100000000000 0.923840636029
1.101000000000 0.923728771933
1.102000000000 0.923616873237
1.103000000000 0.923504939578
1.104000000000 0.923392970611
1.105000000000 0.923280966010
1.106000000000 0.923168925461
1.107000000000 0.923056848670
1.108000000000 0.922944735353
1.109000000000 0.922832585242
1.110000000000 0.922720398081
1.111000000000 0.922608173627
1.112000000000 0.922495911647
1.113000000000 0.922383611920
1.114000000000 0.922271274234
1.115000000000 0.922158898389
1.116000000000 0.922046484191
1.117000000000 0.921934031456
1.118000000000 0.921821540010
1.119000000000 0.921709009683
1.120000000000 0.921596440315
1.121000000000 0.921483831752
1.122000000000 0.921371183846
1.123000000000 0.921258496456
1.124000000000 0.921145769446
1.125000000000 0.921033002685
1.126000000000 0.920920196050
1.127000000000 0.920807349419
1.128000000000 0.920694462677
1.129000000000 0.920581535712
1.130000000000 0.920468568418
1.131000000000 0.920355560691
1.132000000000 0.920242512431
1.133000000000 0.920129423542
1.134000000000 0.920016293932
1.135000000000 0.919903123510
1.136000000000 0.919789912189
1.137000000000 0.919676659885
1.138000000000 0.919563366516
1.139000000000 0.919450032003
1.140000000000 0.919336656270
1.141000000000 0.919223239240
1.142000000000 0.919109780843
1.143000000000 0.918996281007
1.144000000000 0.918882739662
1.145000000000 0.918769156743
1.146000000000 0.918655532182
1.147000000000 0.918541865917
1.148000000000 0.918428157885
1.149000000000 0.918314408024
1.150000000000 0.918200616275
1.151000000000 0.918086782579
1.152000000000 0.917972906878
1.153000000000 0.917858989116
1.154000000000 0.917745029238
1.155000000000 0.917631027188
1.156000000000 0.917516982914
1.157000000000 0.917402896362
1.158000000000 0.917288767482
1.159000000000 0.917174596221
1.160000000000 0.917060382529
1.161000000000 0.916946126356
1.162000000000 0.916831827654
1.163000000000 0.916717486374
1.164000000000 0.916603102467
1.165000000000 0.916488675886
1.166000000000 0.916374206585
1.167000000000 0.916259694516
1.168000000000 0.916145139634
1.169000000000 0.916030541894
1.170000000000 0.915915901249
1.171000000000 0.915801217655
1.172000000000 0.915686491067
1.173000000000 0.915571721441
1.174000000000 0.915456908733
1.175000000000 0.915342052900
1.176000000000 0.915227153897
1.177000000000 0.915112211682
1.178000000000 0.914997226212
1.179000000000 0.914882197444
1.180000000000 0.914767125336
1.181000000000 0.914652009844
1.182000000000 0.914536850928
1.183000000000 0.914421648544
1.184000000000 0.914306402651
1.185000000000 0.914191113207
1.186000000000 0.914075780171
1.187000000000 0.913960403501
1.188000000000 0.913844983155
1.189000000000 0.913729519093
1.190000000000 0.913614011272
1.191000000000 0.913498459653
1.192000000000 0.913382864193
1.193000000000 0.913267224852
1.194000000000 0.913151541589
1.195000000000 0.913035814362
1.196000000000 0.912920043131
1.197000000000 0.912804227856
1.198000000000 0.912688368495
1.199000000000 0.912572465008
1.200000000000 0.912456517353
1.201000000000 0.912340525491
1.202000000000 0.912224489380
1.203000000000 0.912108408981
1.204000000000 0.911992284251
1.205000000000 0.911876115151
1.206000000000 0.911759901640
1.207000000000 0.911643643677
1.208000000000 0.911527341221
1.209000000000 0.911410994233
1.210000000000 0.911294602670
1.211000000000 0.911178166494
1.212000000000 0.911061685662
1.213000000000 0.910945160134
1.214000000000 0.910828589869
1.215000000000 0.910711974828
1.216000000000 0.910595314968
1.217000000000 0.910478610249
1.218000000000 0.910361860630
1.219000000000 0.910245066070
1.220000000000 0.910128226530
1.221000000000 0.910011341966
1.222000000000 0.909894412339
1.223000000000 0.909777437608
1.224000000000 0.909660417731
1.225000000000 0.909543352668
1.226000000000 0.909426242377
1.227000000000 0.909309086817
1.228000000000 0.909191885948
1.229000000000 0.909074639727
1.230000000000 0.908957348114
1.231000000000 0.908840011067
1.232000000000 0.908722628544
1.233000000000 0.908605200506
1.234000000000 0.908487726909
1.235000000000 0.908370207713
1.236000000000 0.908252642876
1.237000000000 0.908135032356
1.238000000000 0.908017376111
1.239000000000 0.907899674101
1.240000000000 0.907781926284
1.241000000000 0.907664132616
1.242000000000 0.907546293058
1.243000000000 0.907428407566
1.244000000000 0.907310476098
1.245000000000 0.907192498614
1.246000000000 0.907074475070
1.247000000000 0.906956405425
1.248000000000 0.906838289637
1.249000000000 0.906720127662
1.250000000000 0.906601919460
1.251000000000 0.906483664987
1.252000000000 0.906365364202
1.253000000000 0.906247017061
1.254000000000 0.906128623522
1.255000000000 0.906010183543
1.256000000000 0.905891697082
1.257000000000 0.905773164094
1.258000000000 0.905654584538
1.259000000000 0.905535958372
1.260000000000 0.905417285551
1.261000000000 0.905298566033
1.262000000000 0.905179799776
1.263000000000 0.905060986735
1.264000000000 0.904942126869
1.265000000000 0.904823220133
1.266000000000 0.904704266485
1.267000000000 0.904585265882
1.268000000000 0.904466218279
1.269000000000 0.904347123634
1.270000000000 0.904227981904
1.271000000000 0.904108793044
1.272000000000 0.903989557011
1.273000000000 0.903870273762
1.274000000000 0.903750943252
1.275000000000 0.903631565438
1.276000000000 0.903512140277
1.277000000000 0.903392667724
1.278000000000 0.903273147735
1.279000000000 0.903153580267
1.280000000000 0.903033965274
1.281000000000 0.902914302714
1.282000000000 0.902794592542
1.283000000000 0.902674834713
1.284000000000 0.902555029184
1.285000000000 0.902435175910
1.286000000000 0.902315274846
1.287000000000 0.902195325947
1.288000000000 0.902075329171
1.289000000000 0.901955284470
1.290000000000 0.901835191802
1.291000000000 0.901715051121
1.292000000000 0.901594862382
1.293000000000 0.901474625541
1.294000000000 0.901354340552
1.295000000000 0.901234007370
1.296000000000 0.901113625951
1.297000000000 0.900993196248
1.298000000000 0.900872718218
1.299000000000 0.900752191814
1.300000000000 0.900631616991
1.301000000000 0.900510993703
1.302000000000 0.900390321906
1.303000000000 0.900269601554
1.304000000000 0.900148832600
1.305000000000 0.900028014999
1.306000000000 0.899907148706
1.307000000000 0.899786233675
1.308000000000 0.899665269859
1.309000000000 0.899544257213
1.310000000000 0.899423195691
1.311000000000 0.899302085246
1.312000000000 0.899180925832
1.313000000000 0.899059717404
1.314000000000 0.898938459914
1.315000000000 0.898817153317
1.316000000000 0.898695797565
1.317000000000 0.898574392613
1.318000000000 0.898452938413
1.319000000000 0.898331434920
1.320000000000 0.898209882086
1.321000000000 0.898088279864
1.322000000000 0.897966628209
1.323000000000 0.897844927071
1.324000000000 0.897723176406
1.325000000000 0.897601376165
1.326000000000 0.897479526302
1.327000000000 0.897357626768
1.328000000000 0.897235677518
1.329000000000 0.897113678503
1.330000000000 0.896991629676
1.331000000000 0.896869530990
1.332000000000 0.896747382397
1.333000000000 0.896625183849
1.334000000000 0.896502935298
1.335000000000 0.896380636698
1.336000000000 0.896258287999
1.337000000000 0.896135889154
1.338000000000 0.896013440115
1.339000000000 0.895890940834
1.340000000000 0.895768391263
1.341000000000 0.895645791353
1.342000000000 0.895523141057
1.343000000000 0.895400440325
1.344000000000 0.895277689110
1.345000000000 0.895154887362
1.346000000000 0.895032035033
1.347000000000 0.894909132075
1.348000000000 0.894786178439
1.349000000000 0.894663174076
1.350000000000 0.894540118937
1.351000000000 0.894417012973
1.352000000000 0.894293856135
1.353000000000 0.894170648374
1.354000000000 0.894047389640
1.355000000000 0.893924079886
1.356000000000 0.893800719060
1.357000000000 0.893677307114
1.358000000000 0.893553843998
1.359000000000 0.893430329663
1.360000000000 0.893306764059
1.361000000000 0.893183147136
1.362000000000 0.893059478845
1.363000000000 0.892935759135
1.364000000000 0.892811987957
1.365000000000 0.892688165261
1.366000000000 0.892564290996
1.367000000000 0.892440365113
1.368000000000 0.892316387560
1.369000000000 0.892192358289
1.370000000000 0.892068277248
1.371000000000 0.891944144387
1.372000000000 0.891819959655
1.373000000000 0.891695723002
1.374000000000 0.891571434377
1.375000000000 0.891447093729
1.376000000000 0.891322701007
1.377000000000 0.891198256161
1.378000000000 0.891073759139
1.379000000000 0.890949209890
1.380000000000 0.890824608364
1.381000000000 0.890699954508
1.382000000000 0.890575248271
1.383000000000 0.890450489603
1.384000000000 0.890325678451
1.385000000000 0.890200814764
1.386000000000 0.890075898490
1.387000000000 0.889950929578
1.388000000000 0.889825907975
1.389000000000 0.889700833631
1.390000000000 0.889575706491
1.391000000000 0.889450526506
1.392000000000 0.889325293622
1.393000000000 0.889200007788
1.394000000000 0.889074668951
1.395000000000 0.888949277058
1.396000000000 0.888823832058
1.397000000000 0.888698333897
1.398000000000 0.888572782523
1.399000000000 0.888447177883
1.400000000000 0.888321519925
1.401000000000 0.888195808596
1.402000000000 0.888070043842
1.403000000000 0.887944225610
1.404000000000 0.887818353848
1.405000000000 0.887692428503
1.406000000000 0.887566449520
1.407000000000 0.887440416847
1.408000000000 0.887314330430
1.409000000000 0.887188190216
1.410000000000 0.887061996150
1.411000000000 0.886935748180
1.412000000000 0.886809446251
1.413000000000 0.886683090309
1.414000000000 0.886556680302
1.415000000000 0.886430216173
1.416000000000 0.886303697870
1.417000000000 0.886177125339
1.418000000000 0.886050498524
1.419000000000 0.885923817371
1.420000000000 0.885797081826
1.421000000000 0.885670291835
1.422000000000 0.885543447343
1.423000000000 0.885416548294
1.424000000000 0.885289594635
1.425000000000 0.885162586310
1.426000000000 0.885035523264
1.427000000000 0.884908405443
1.428000000000 0.884781232790
1.429000000000 0.884654005252
1.430000000000 0.884526722771
1.431000000000 0.884399385294
1.432000000000 0.884271992764
1.433000000000 0.884144545126
1.434000000000 0.884017042323
1.435000000000 0.883889484302
1.436000000000 0.883761871004
1.437000000000 0.883634202376
1.438000000000 0.883506478359
1.439000000000 0.883378698899
1.440000000000 0.883250863939
1.441000000000 0.883122973423
1.442000000000 0.882995027294
1.443000000000 0.882867025496
1.444000000000 0.882738967972
1.445000000000 0.882610854665
1.446000000000 0.882482685519
1.447000000000 0.882354460477
1.448000000000 0.882226179482
1.449000000000 0.882097842477
1.450000000000 0.881969449405
1.451000000000 0.881841000208
1.452000000000 0.881712494829
1.453000000000 0.881583933211
1.454000000000 0.881455315296
1.455000000000 0.881326641027
1.456000000000 0.881197910346
1.457000000000 0.881069123195
1.458000000000 0.880940279516
1.459000000000 0.880811379251
1.460000000000 0.880682422343
1.461000000000 0.880553408733
1.462000000000 0.880424338362
1.463000000000 0.880295211173
1.464000000000 0.880166027107
1.465000000000 0.880036786105
1.466000000000 0.879907488110
1.467000000000 0.879778133061
1.468000000000 0.879648720900
1.469000000000 0.879519251569
1.470000000000 0.879389725009
1.471000000000 0.879260141159
1.472000000000 0.879130499961
1.473000000000 0.879000801356
1.474000000000 0.878871045285
1.475000000000 0.878741231687
1.476000000000 0.878611360503
1.477000000000 0.878481431674
1.478000000000 0.878351445140
1.479000000000 0.878221400841
1.480000000000 0.878091298716
1.481000000000 0.877961138706
1.482000000000 0.877830920751
1.483000000000 0.877700644789
1.484000000000 0.877570310762
1.485000000000 0.877439918609
1.486000000000 0.877309468268
1.487000000000 0.877178959679
1.488000000000 0.877048392782
1.489000000000 0.876917767515
1.490000000000 0.876787083818
1.491000000000 0.876656341630
1.492000000000 0.876525540888
1.493000000000 0.876394681533
1.494000000000 0.876263763502
1.495000000000 0.876132786735
1.496000000000 0.876001751169
1.497000000000 0.875870656743
1.498000000000 0.875739503395
1.499000000000 0.875608291063
1.500000000000 0.875477019686
1.501000000000 0.875345689200
1.502000000000 0.875214299545
1.503000000000 0.875082850657
1.504000000000 0.874951342475
1.505000000000 0.874819774935
1.506000000000 0.874688147976
1.507000000000 0.874556461534
1.508000000000 0.874424715546
1.509000000000 0.874292909950
1.510000000000 0.874161044683
1.511000000000 0.874029119682
1.512000000000 0.873897134882
1.513000000000 0.873765090222
1.514000000000 0.873632985637
1.515000000000 0.873500821064
1.516000000000 0.873368596439
1.517000000000 0.873236311699
1.518000000000 0.873103966780
1.519000000000 0.872971561617
1.520000000000 0.872839096146
1.521000000000 0.872706570305
1.522000000000 0.872573984027
1.523000000000 0.872441337249
1.524000000000 0.872308629906
1.525000000000 0.872175861933
1.526000000000 0.872043033266
1.527000000000 0.871910143841
1.528000000000 0.871777193591
1.529000000000 0.871644182452
1.530000000000 0.871511110359
1.531000000000 0.871377977246
1.532000000000 0.871244783049
1.533000000000 0.871111527701
1.534000000000 0.870978211137
1.535000000000 0.870844833291
1.536000000000 0.870711394097
1.537000000000 0.870577893490
1.538000000000 0.870444331403
1.539000000000 0.870310707771
1.540000000000 0.870177022526
1.541000000000 0.870043275603
1.542000000000 0.869909466935
1.543000000000 0.869775596455
1.544000000000 0.869641664097
1.545000000000 0.869507669794
1.546000000000 0.869373613478
1.547000000000 0.869239495083
1.548000000000 0.869105314542
1.549000000000 0.868971071787
1.550000000000 0.868836766750
1.551000000000 0.868702399365
1.552000000000 0.868567969564
1.553000000000 0.868433477278
1.554000000000 0.868298922440
1.555000000000 0.868164304982
1.556000000000 0.868029624836
1.557000000000 0.867894881933
1.558000000000 0.867760076205
1.559000000000 0.867625207584
1.560000000000 0.867490276002
1.561000000000 0.867355281388
1.562000000000 0.867220223675
1.563000000000 0.867085102794
1.564000000000 0.866949918674
1.565000000000 0.866814671249
1.566000000000 0.866679360447
1.567000000000 0.866543986200
1.568000000000 0.866408548437
1.569000000000 0.866273047090
1.570000000000 0.866137482088
1.571000000000 0.866001853362
1.572000000000 0.865866160842
1.573000000000 0.865730404456
1.574000000000 0.865594584136
1.575000000000 0.865458699810
1.576000000000 0.865322751408
1.577000000000 0.865186738860
1.578000000000 0.865050662094
1.579000000000 0.864914521039
1.580000000000 0.864778315626
1.581000000000 0.864642045781
1.582000000000 0.864505711435
1.583000000000 0.864369312515
1.584000000000 0.864232848951
1.585000000000 0.864096320669
1.586000000000 0.863959727600
1.587000000000 0.863823069670
1.588000000000 0.863686346807
1.589000000000 0.863549558940
1.590000000000 0.863412705996
1.591000000000 0.863275787902
1.592000000000 0.863138804587
1.593000000000 0.863001755976
1.594000000000 0.862864641998
1.595000000000 0.862727462579
1.596000000000 0.862590217646
1.597000000000 0.862452907125
1.598000000000 0.862315530945
1.599000000000 0.862178089030
1.600000000000 0.862040581307
1.601000000000 0.861903007703
1.602000000000 0.861765368143
1.603000000000 0.861627662553
1.604000000000 0.861489890859
1.605000000000 0.861352052987
1.606000000000 0.861214148862
1.607000000000 0.861076178409
1.608000000000 0.860938141554
1.609000000000 0.860800038221
1.610000000000 0.860661868336
1.611000000000 0.860523631823
1.612000000000 0.860385328606
1.613000000000 0.860246958611
1.614000000000 0.860108521761
1.615000000000 0.859970017981
1.616000000000 0.859831447194
1.617000000000 0.859692809325
1.618000000000 0.859554104297
1.619000000000 0.859415332033
1.620000000000 0.859276492457
1.621000000000 0.859137585492
1.622000000000 0.858998611061
1.623000000000 0.858859569087
1.624000000000 0.858720459493
1.625000000000 0.858581282200
1.626000000000 0.858442037132
1.627000000000 0.858302724211
1.628000000000 0.858163343358
1.629000000000 0.858023894495
1.630000000000 0.857884377545
1.631000000000 0.857744792428
1.632000000000 0.857605139066
1.633000000000 0.857465417380
1.634000000000 0.857325627290
1.635000000000 0.857185768718
1.636000000000 0.857045841584
1.637000000000 0.856905845808
1.638000000000 0.856765781311
1.639000000000 0.856625648012
1.640000000000 0.856485445831
1.641000000000 0.856345174687
1.642000000000 0.856204834501
1.643000000000 0.856064425190
1.644000000000 0.855923946673
1.645000000000 0.855783398870
1.646000000000 0.855642781699
1.647000000000 0.855502095077
1.648000000000 0.855361338924
1.649000000000 0.855220513155
1.650000000000 0.855079617689
1.651000000000 0.854938652443
1.652000000000 0.854797617333
1.653000000000 0.854656512277
1.654000000000 0.854515337190
1.655000000000 0.854374091989
1.656000000000 0.854232776589
1.657000000000 0.854091390907
1.658000000000 0.853949934855
1.659000000000 0.853808408351
1.660000000000 0.853666811308
1.661000000000 0.853525143640
1.662000000000 0.853383405262
1.663000000000 0.853241596086
1.664000000000 0.853099716025
1.665000000000 0.852957764993
1.666000000000 0.852815742902
1.667000000000 0.852673649664
1.668000000000 0.852531485190
1.669000000000 0.852389249391
1.670000000000 0.852246942177
1.671000000000 0.852104563460
1.672000000000 0.851962113149
1.673000000000 0.851819591153
1.674000000000 0.851676997381
1.675000000000 0.851534331741
1.676000000000 0.851391594140
1.677000000000 0.851248784486
1.678000000000 0.851105902686
1.679000000000 0.850962948645
1.680000000000 0.850819922268
1.681000000000 0.850676823461
1.682000000000 0.850533652127
1.683000000000 0.850390408169
1.684000000000 0.850247091490
1.685000000000 0.850103701993
1.686000000000 0.849960239577
1.687000000000 0.849816704143
1.688000000000 0.849673095591
1.689000000000 0.849529413819
1.690000000000 0.849385658724
1.691000000000 0.849241830204
1.692000000000 0.849097928153
1.693000000000 0.848953952466
1.694000000000 0.848809903037
1.695000000000 0.848665779758
1.696000000000 0.848521582520
1.697000000000 0.848377311213
1.698000000000 0.848232965726
1.699000000000 0.848088545946
1.700000000000 0.847944051759
1.701000000000 0.847799483049
1.702000000000 0.847654839700
1.703000000000 0.847510121592
1.704000000000 0.847365328605
1.705000000000 0.847220460618
1.706000000000 0.847075517506
1.707000000000 0.846930499143
1.708000000000 0.846785405401
1.709000000000 0.846640236152
1.710000000000 0.846494991262
1.711000000000 0.846349670597
1.712000000000 0.846204274021
1.713000000000 0.846058801394
1.714000000000 0.845913252575
1.715000000000 0.845767627419
1.716000000000 0.845621925779
1.717000000000 0.845476147505
1.718000000000 0.845330292442
1.719000000000 0.845184360434
1.720000000000 0.845038351321
1.721000000000 0.844892264940
1.722000000000 0.844746101123
1.723000000000 0.844599859697
1.724000000000 0.844453540489
1.725000000000 0.844307143317
1.726000000000 0.844160667999
1.727000000000 0.844014114343
1.728000000000 0.843867482157
1.729000000000 0.843720771242
1.730000000000 0.843573981391
1.731000000000 0.843427112397
1.732000000000 0.843280164041
1.733000000000 0.843133136101
1.734000000000 0.842986028348
1.735000000000 0.842838840547
1.736000000000 0.842691572454
1.737000000000 0.842544223818
1.738000000000 0.842396794380
1.739000000000 0.842249283874
1.740000000000 0.842101692025
1.741000000000 0.841954018547
1.742000000000 0.841806263146
1.743000000000 0.841658425518
1.744000000000 0.841510505348
1.745000000000 0.841362502311
1.746000000000 0.841214416069
1.747000000000 0.841066246274
1.748000000000 0.840917992562
1.749000000000 0.840769654560
1.750000000000 0.840621231878
1.751000000000 0.840472724111
1.752000000000 0.840324130843
1.753000000000 0.840175451636
1.754000000000 0.840026686040
1.755000000000 0.839877833586
1.756000000000 0.839728893784
1.757000000000 0.839579866129
1.758000000000 0.839430750093
1.759000000000 0.839281545126
1.760000000000 0.839132250659
1.761000000000 0.838982866096
1.762000000000 0.838833390818
1.763000000000 0.838683824181
1.764000000000 0.838534165514
1.765000000000 0.838384414115
1.766000000000 0.838234569257
1.767000000000 0.838084630178
1.768000000000 0.837934596085
1.769000000000 0.837784466151
1.770000000000 0.837634239512
1.771000000000 0.837483915269
1.772000000000 0.837333492481
1.773000000000 0.837182970168
1.774000000000 0.837032347304
1.775000000000 0.836881622819
1.776000000000 0.836730795598
1.777000000000 0.836579864472
1.778000000000 0.836428828222
1.779000000000 0.836277685574
1.780000000000 0.836126435196
1.781000000000 0.835975075696
1.782000000000 0.835823605620
1.783000000000 0.835672023446
1.784000000000 0.835520327585
1.785000000000 0.835368516372
1.786000000000 0.835216588068
1.787000000000 0.835064540854
1.788000000000 0.834912372827
1.789000000000 0.834760081996
1.790000000000 0.834607666277
1.791000000000 0.834455123491
1.792000000000 0.834302451358
1.793000000000 0.834149647489
1.794000000000 0.833996709389
1.795000000000 0.833843634441
1.796000000000 0.833690419909
1.797000000000 0.833537062928
1.798000000000 0.833383560500
1.799000000000 0.833229909484
1.800000000000 0.833076106593
1.801000000000 0.832922148385
1.802000000000 0.832768031257
1.803000000000 0.832613751435
1.804000000000 0.832459304966
1.805000000000 0.832304687713
1.806000000000 0.832149895342
1.807000000000 0.831994923314
1.808000000000 0.831839766875
1.809000000000 0.831684421046
1.810000000000 0.831528880613
1.811000000000 0.831373140114
1.812000000000 0.831217193827
1.813000000000 0.831061035759
1.814000000000 0.830904659634
1.815000000000 0.830748058874
1.816000000000 0.830591226592
1.817000000000 0.830434155571
1.818000000000 0.830276838251
1.819000000000 0.830119266715
1.820000000000 0.829961432664
1.821000000000 0.829803327409
1.822000000000 0.829644941842
1.823000000000 0.829486266426
1.824000000000 0.829327291167
1.825000000000 0.829168005594
1.826000000000 0.829008398737
1.827000000000 0.828848459106
1.828000000000 0.828688174659
1.829000000000 0.828527532782
1.830000000000 0.828366520260
1.831000000000 0.828205123246
1.832000000000 0.828043327235
1.833000000000 0.827881117027
1.834000000000 0.827718476699
1.835000000000 0.827555389570
1.836000000000 0.827391838160
1.837000000000 0.827227804159
1.838000000000 0.827063268382
1.839000000000 0.826898210730
1.840000000000 0.826732610144
1.841000000000 0.826566444565
1.842000000000 0.826399690878
1.843000000000 0.826232324869
1.844000000000 0.826064321171
1.845000000000 0.825895653207
1.846000000000 0.825726293134
1.847000000000 0.825556211783
1.848000000000 0.825385378598
1.849000000000 0.825213761566
1.850000000000 0.825041327151
1.851000000000 0.824868040222
1.852000000000 0.824693863976
1.853000000000 0.824518759861
1.854000000000 0.824342687490
1.855000000000 0.824165604557
1.856000000000 0.823987466746
1.857000000000 0.823808227636
1.858000000000 0.823627838600
1.859000000000 0.823446248703
1.860000000000 0.823263404593
1.861000000000 0.823079250387
1.862000000000 0.822893727549
1.863000000000 0.822706774771
1.864000000000 0.822518327836
1.865000000000 0.822328319488
1.866000000000 0.822136679283
1.867000000000 0.821943333444
1.868000000000 0.821748204702
1.869000000000 0.821551212133
1.870000000000 0.821352270987
1.871000000000 0.821151292509
1.872000000000 0.820948183753
1.873000000000 0.820742847381
1.874000000000 0.820535181467
1.875000000000 0.820325079271
1.876000000000 0.820112429027
1.877000000000 0.819897113698
1.878000000000 0.819679010739
1.879000000000 0.819457991835
1.880000000000 0.819233922637
1.881000000000 0.819006662478
1.882000000000 0.818776064086
1.883000000000 0.818541973270
1.884000000000 0.818304228607
1.885000000000 0.818062661104
1.886000000000 0.817817093849
1.887000000000 0.817567341648
1.888000000000 0.817313210640
1.889000000000 0.817054497900
1.890000000000 0.816790991025
1.891000000000 0.816522467694
1.892000000000 0.816248695220
1.893000000000 0.815969430070
1.894000000000 0.815684417374
1.895000000000 0.815393390405
1.896000000000 0.815096070040
1.897000000000 0.814792164201
1.898000000000 0.814481367259
1.899000000000 0.814163359427
1.900000000000 0.813837806120
1.901000000000 0.813504357283
1.902000000000 0.813162646700
1.903000000000 0.812812291266
1.904000000000 0.812452890229
1.905000000000 0.812084024405
1.906000000000 0.811705255354
1.907000000000 0.811316124524
1.908000000000 0.810916152358
1.909000000000 0.810504837370
1.910000000000 0.810081655172
1.911000000000 0.809646057474
1.912000000000 0.809197471031
1.913000000000 0.808735296560
1.914000000000 0.808258907603
1.915000000000 0.807767649351
1.916000000000 0.807260837421
1.917000000000 0.806737756586
1.918000000000 0.806197659452
1.919000000000 0.805639765093
1.920000000000 0.805063257622
1.921000000000 0.804467284726
1.922000000000 0.803850956130
1.923000000000 0.803213342017
1.924000000000 0.802553471388
1.925000000000 0.801870330363
1.926000000000 0.801162860424
1.927000000000 0.800429956604
1.928000000000 0.799670465606
1.929000000000 0.798883183871
1.930000000000 0.798066855576
1.931000000000 0.797220170576
1.932000000000 0.796341762282
1.933000000000 0.795430205477
1.934000000000 0.794484014072
1.935000000000 0.793501638793
1.936000000000 0.792481464823
1.937000000000 0.791421809368
1.938000000000 0.790320919176
1.939000000000 0.789176967993
1.940000000000 0.787988053973
1.941000000000 0.786752197034
1.942000000000 0.785467336156
1.943000000000 0.784131326657
1.944000000000 0.782741937407
1.945000000000 0.781296848022
1.946000000000 0.779793646023
1.947000000000 0.778229823977
1.948000000000 0.776602776621
1.949000000000 0.774909797976
1.950000000000 0.773148078471
1.951000000000 0.771314702076
1.952000000000 0.769406643454
1.953000000000 0.767420765163
1.954000000000 0.765353814889
1.955000000000 0.763202422759
1.956000000000 0.760963098727
1.957000000000 0.758632230057
1.958000000000 0.756206078924
1.959000000000 0.753680780154
1.960000000000 0.751052339112
1.961000000000 0.748316629779
1.962000000000 0.745469393033
1.963000000000 0.742506235154
1.964000000000 0.739422626593
1.965000000000 0.736213901027
1.966000000000 0.732875254721
1.967000000000 0.729401746254
1.968000000000 0.725788296608
1.969000000000 0.722029689679
1.970000000000 0.718120573233
1.971000000000 0.714055460347
1.972000000000 0.709828731361
1.973000000000 0.705434636388
1.974000000000 0.700867298411
1.975000000000 0.696120717000
1.976000000000 0.691188772687
1.977000000000 0.686065232027
1.978000000000 0.680743753383
1.979000000000 0.675217893450
1.980000000000 0.669481114553
1.981000000000 0.663526792739
1.982000000000 0.657348226670
1.983000000000 0.650938647344
1.984000000000 0.644291228634
1.985000000000 0.637399098652
1.986000000000 0.630255351929
1.987000000000 0.622853062387
1.988000000000 0.615185297089
1.989000000000 0.607245130719
1.990000000000 0.599025660748
1.991000000000 0.590520023238
1.992000000000 0.581721409198
1.993000000000 0.572623081428
1.994000000000 0.563218391743
1.995000000000 0.553500798480
1.996000000000 0.543463884162
1.997000000000 0.533101373198
1.998000000000 0.522407149463
1.999000000000 0.511375273620
2.000000000000 0.500000000000
